509.83965143749435
675.1457037393202
848.1375522538096
841.1350862067893
839.8377198848614
865.2904379711847
867.7256396043697
869.1252618106669
872.2315917237576
870.4267506501536
859.8764691902368
884.7841763517755
885.2464469236314
897.9351704130135
877.5799098495711
879.5367776293397
866.6882494861454
870.7226407249982
866.6748139125676
892.731776490346
896.9073156343211
896.214354493734
912.9857332577344
906.1614211037867
914.568110237784
923.5543913555744
920.8106994957002
902.6538123597595
906.9995847808216
907.2739169143174
892.0517108766304
891.8751001582147
880.5594693963419
869.6681241085308
848.8127598168282
849.5267554378061
848.6354176801473
862.0983674272575
869.5322401535249
885.0411113049594
887.1134936299677
893.1848975928592
881.7342861679563
883.8922140520654
886.7505948597094
889.5371522466537
890.8935306069287
906.1224632748591
907.5024688229831
888.2499022130719
879.138360349442
872.4151575397134
865.2711262953923
864.9571406717037
864.8151495799253
873.7325067676916
862.8126222339977
863.9138549424374
861.9772286629523
882.4519078949629
880.4181268997326
902.3812789477091
905.7125325415159
896.9964549454487
885.0531301114677
895.1371725599835
895.6596271594461
889.5416382072119
892.479253571847
893.8293462483739
897.4007454364098
887.0609512525963
891.0505733367207
899.2041893132105
893.9281480963909
887.6586146639327
890.0205449467912
894.1255453967535
906.0180357792123
908.4655027893592
924.8884205385988
932.0869954062106
929.3358821180004
924.0228039242078
932.3091158226811
926.7243130527914
920.4659923144447
921.207447761853
920.0467514470516
917.0516264601482
908.2598838163017
899.7248080709493
891.1467030129403
879.762328066583
858.7486691066504
834.708590811665
837.4658086467576
832.7038415689461
840.8551173072788
842.0904258960944
844.0671449267716
836.6875529843009
828.1323263302894
811.2532329289807
819.2613371176305
824.2721485799134
814.4848184198083
824.7089502212575
832.7815370105659
838.1757314506337
841.0596922877337
854.5806228801059
870.151233236429
869.7856331627781
874.3735496217782
893.8209194511245
895.7574335119118
882.2047660243466
887.4906168025424
889.28485116655
873.7157902745346
893.1231349065241
911.7168669264288
912.7436050133955
927.4753737980604
933.6397841396434
920.6501906207758
895.8703107174376
898.4436808826233
882.2380521033472
890.6967081038075
892.1986689011286
907.0183320267593
913.1922376351533
904.8954128167351
883.84540650333
894.34872458363
886.1690497829454
879.1053790352863
901.9390298918248
912.7967077413983
897.967635405987
897.2381886025572
901.7023779019831
894.2496531349047
890.7845108490487
892.9171119156463
902.0540230900882
911.9713643735802
902.005197390052
921.8598978010883
920.7060100017761
929.0151430152765
918.1740995188331
924.4460705448722
910.1891908357195
918.3018240636031
912.6062913143178
925.9393561740774
904.5920641724372
895.1247606443258
875.851755108464
883.5822092129306
863.0638537344036
899.9967751031289
906.5374126683572
918.2430338968176
902.2970114357612
889.7047177971449
874.9102921987428
873.9337163346804
879.5058701529416
889.1197514340961
898.896287835171
900.9309552016435
905.378323156112
891.8914305802708
886.4115237103443
892.413512944363
889.2455435084973
892.3393538076522
901.3638388155808
898.7102443256622
918.4366156848273
924.4854558418319
905.1095349935135
908.5237441836888
917.8337225408693
901.6614091086808
901.8228884769214
918.6305605619872
920.5321226922599
918.8194465772513
919.5022075882256
917.0564326134553
924.6911322847072
925.8478676638899
934.7953945134557
936.8423160989188
927.5426309165773
931.429707893743
922.3037990763028
904.2344683733744
902.1286162405909
909.4109259928946
900.6333911606381
907.7546663803386
910.9006135051708
921.8984002420459
925.7431350446967
924.6040609145265
922.7906971172755
921.0612363650586
909.3899489687844
905.6990371667212
889.786771490793
898.162258759088
902.7738962684051
904.2733112893691
904.9997464542878
920.440032795964
915.7880419181544
932.9744796543686
944.8488154318154
929.1879210052584
924.2587769641717
912.5695257386868
894.1300974477637
864.3380980841785
877.2049452380752
894.356705914815
879.0366871000426
877.5643418357324
888.1350114253578
885.1468720340384
883.4340150727829
892.198883324199
899.0741757269963
918.9439271200415
921.2439652806005
903.4635714432206
921.3730656302785
910.8285571368251
887.6075561212065
881.3985587359546
889.4143075208045
879.1628538417433
869.7281366688767
882.5400234843644
883.9642764285611
865.7129095095199
867.439093412784
870.1579665903928
852.6443582427831
868.364825417169
885.2639921493355
895.2170574512112
887.6650189727428
907.4850622044486
907.8267993944875
897.9330293625031
901.8704644328876
920.9857952396848
915.6403642131218
904.3590401019625
910.4571653407711
898.7237273686674
899.9330049273672
888.5724054895879
881.9318794078843
894.6575824415088
890.3483949465431
889.2246113171171
910.1479142652455
919.6360479368117
914.4230706008026
926.2696119072641
919.1089670189289
906.7755300513484
915.8787130079813
920.2983108350217
917.5433957417356
924.576561473614
924.6899862292701
914.1845970568055
909.5437075819284
906.6437024338804
898.9637563787392
899.0609122858148
904.1354842766908
886.2198401652313
883.6842141223495
900.3385206333028
898.7666971394126
895.0235044921369
917.5970126194654
914.1702675339196
904.711324515443
902.3357908047592
899.1776248822
898.9626047776142
909.7187267762924
898.1714930029837
918.5913876406688
910.587351695873
908.1463027488691
894.6465343820087
896.1834521729379
877.60477341071
886.5988178772411
877.7357472235952
884.5946259280296
909.6642419592641
924.2138166400503
914.2175455099202
905.814463080746
894.8831027137703
882.0161838294812
867.9300904729945
890.0455695436201
887.4646689242021
895.0082260971473
890.9196266536762
887.417108043166
870.36094693927
880.4973582557149
869.2367783443287
870.9251759735232
869.1450252471955
857.6944431613475
856.0951232842447
868.054940477931
865.7949410680999
873.2956143602328
876.0169385378015
873.1270405539794
863.0932533069459
866.8304766861893
858.7689239505871
869.5251720140252
872.2343945260985
877.321151428419
874.9549194070661
880.7347265794625
886.3929597373144
890.3565380058362
901.6888354112656
903.7750860262239
909.2132168521794
904.3347637684541
903.5825935710637
905.4832328591713
913.6713688963939
908.3811515784382
897.8989865760212
901.4796094448369
880.8400205415244
872.3159768908146
875.0786625217243
893.7376109128811
882.788129085905
889.0401369811193
883.7325833591616
885.9207257775605
874.2031717682287
884.8281424847348
894.919586261686
897.0155666988302
893.2731232811535
899.1407764778066
894.9379446791897
890.3329111762371
892.1422504177086
889.4299825385633
886.7735211015033
889.8211660156642
888.355692565469
887.7747400350336
886.94477277458
872.5982827234585
862.8601234427125
866.0420090970008
863.8966943944883
867.2009656545982
878.3806040426059
881.5754560200438
882.9500054117743
897.3733324841273
892.2660890247051
882.1375370684632
882.0943739615091
891.3505307261987
866.3630102928306
869.2792824687283
897.2033954433795
891.1705107384803
884.3119614911359
914.0786246795449
918.3229626797993
911.0128647478609
927.3399810354865
928.577872545515
918.5350575608088
932.6650420120724
941.5434606355625
937.4230757630528
930.0381083952439
931.0485474966778
921.4415618877409
913.4320070683409
921.2498286300599
916.4419523809544
913.0310400966147
915.4942426595363
904.0213729016448
880.4848007732173
908.4138371680573
912.3880489324692
907.903875131387
908.7630376110241
923.7589675692188
904.8726950284884
885.6883942773812
895.0924716748733
887.5827350755371
881.0053794910982
878.0022392343866
903.7417156084553
868.2368280520192
858.0956194878545
843.4980066569515
839.8773411555258
833.7641291103704
846.7113023160016
861.2070002335647
883.5633671748377
880.5629453080128
860.4069404463573
858.4113995664994
869.0230061790538
860.4075030397845
866.255515755912
868.5860052919759
875.5068588569295
872.0164573439
878.2504791508621
891.5822363153877
898.2328727509938
913.3964237023333
913.6820536106616
931.8559671314327
933.861213897438
938.4915964428758
923.6249042158385
929.9422855772291
912.3240463229881
892.0468763760267
879.1265464446598
885.5508669218689
879.9937544074528
880.985126649031
883.3941615193224
898.6584604678975
895.8068813509614
895.1983273279252
896.4555181011176
902.4480412075078
913.3374501625887
914.5048664063473
908.816785891644
910.7565418552431
916.4519604849158
904.7893532669256
903.122133552364
914.8172705928619
903.7544699203308
903.1864009964982
901.81338588663
900.7672958864418
879.4254025789566
895.0784104703797
875.1880237653099
874.0897081846022
865.9430631189149
874.9738538106009
865.3321668502122
864.4634308238761
860.23105311778
883.4668497782836
882.786939918178
884.2174550018973
900.462050160378
894.8383119721537
897.7958101056448
908.742612762942
912.2902023795907
936.2686800579465
952.3345970846076
949.5792300508015
959.1834293414228
941.6324690875531
914.8967390000159
916.5404135047129
925.0036977210116
924.2653572888006
936.9600462302897
930.2572673665245
918.8599153705669
908.1405192218838
889.8559939169052
877.0612057218549
875.2601032388627
887.8125247827809
872.4741038398631
876.0920998807698
901.5383883252161
893.460937286216
875.8513921298035
861.7632336631058
850.159479757285
831.9277729873367
846.8849253985659
851.1916788783149
886.590575958769
891.5488818419727
886.8272317037133
899.6985235970733
911.3231438042179
894.4764273976459
909.5314319366048
934.9730745379572
934.4982863083901
936.9003261457794
955.0656287984868
956.5381091664926
949.1165460645176
949.6909094208404
937.3109221630151
937.4763608795171
937.1358283497731
950.837436789693
949.4015649667397
963.7400558822567
929.1662459623572
907.7237462307232
897.3853856089692
901.8682354527448
880.0408752431824
887.6657768027637
900.6206321690008
884.792499032292
866.77878589304
871.3899101498973
881.2747246409052
878.9300024051438
869.0978571120219
858.1418692972547
861.2571740306789
842.1497638376366
844.2486374229511
851.5936077943461
887.9149841972894
890.7260391957132
898.9135269564337
899.1616222234954
906.235749663342
883.9863897295214
880.2306415850092
875.8709386516257
894.4771660014828
895.5069511257371
896.7809427238515
920.3532011468436
931.7276072519084
900.8572711607519
893.2639155562186
900.9593748453227
875.9357648561485
872.4093423441327
876.4823011141901
893.8698842756476
895.5468762954968
893.7088273899896
901.4689920475428
905.0815572393415
873.3354197366104
862.286878217232
865.6851885885418
863.3502621781593
868.9607096491577
889.9881497234192
894.8085132897035
901.5944226220279
904.3613762528845
915.6706789514292
919.4966449123567
910.5165575040488
918.1578117675868
929.7177591768104
926.1601329586008
928.5578047601864
943.9079217642193
941.1310866861563
932.4343767400095
914.7292358417734
915.6775252639277
905.7442595982021
896.3905157624775
901.9050214079891
916.2117860751107
922.4484336883196
904.0521193217155
914.6505550693894
909.4553551499398
901.9504565357703
879.5640938549882
899.8133426748202
889.1513978497217
893.7701332071224
897.5263338272765
910.7817687453244
930.7858256500419
939.6743608568738
944.3731839161958
965.916599947707
960.4750331159263
926.6676718201993
923.1743303045589
924.0583770183206
904.935203126744
897.6695584773413
919.2449381508576
914.1416273027756
903.3135204042887
908.9283627548716
932.9957625637654
915.8929505872252
914.0297451828924
915.3560500221774
917.9570360878756
913.3089209876919
922.760080549603
925.3257165316402
919.7318273168664
908.6270999214012
898.1775519768207
898.6611811975326
910.6755849114866
896.0625220158202
914.4896760405907
917.3282890148788
924.4400569791518
909.120127655748
925.8436656493145
913.7087838826824
929.1878953619712
935.3378102320992
923.1758426750853
923.614944081801
903.2993080385829
888.3402074206842
871.9426022790051
881.9048032038492
885.2096604472276
910.1814872625564
915.0820437216362
913.6066846768676
919.1601490040149
917.1446865936864
896.8629582860027
896.1504667827818
895.9819051790768
903.5933915609568
894.2335365519539
909.0054047831034
907.7169848552649
926.4661410818683
913.2651337330199
936.3062255881048
925.2235160121239
922.2563516940933
905.6457500729463
924.1390586754615
907.4686317729448
915.9708217496708
901.4746960546164
905.7798710787345
896.2632281177365
893.7284529337057
883.5248742523121
906.7490811703557
902.403904463758
901.0873165914257
905.7910850919918
896.7713243035729
885.0345407638138
889.5018740373835
891.6735834444553
889.2613677722196
899.7758142171681
900.2598804920547
898.6824582478956
880.8352564876333
878.6048589592938
884.9896706354047
898.3494123645767
904.4731881028205
919.1873170299946
921.0128907393587
921.9476805257366
921.7318167140434
918.061564048385
899.3138961733848
916.5404246714222
919.493993557155
909.6059499249801
898.87419061472
920.0089448913043
882.6629158864463
871.0588708895742
869.3642807625725
869.0796612944671
866.2642480691053
881.7252681523687
905.2282399288499
906.4150905923136
894.1489879783221
892.1024512417404
890.5058696177406
883.0030030220673
872.3331040574828
881.3032168590264
872.1912629011474
873.4589368346788
864.2859230184712
860.2127788408184
882.5214539494898
889.754566651471
891.7268858818234
891.9467274345099
917.2051397789128
905.1243209005814
914.0140141355753
917.1299930372305
912.2335899425656
905.423470276641
901.6085787370899
884.9679121701605
883.7218449622284
906.8172301121874
904.280476962492
909.8390072122575
921.3875879716845
923.1332069442136
882.3142115420623
878.1729665085328
879.2384877825648
881.5954800410091
874.111076259942
878.0385241289621
865.2203357671244
862.1936154376369
833.4545279215897
831.7460423733365
846.5069101489046
863.7747234026613
868.3409913823066
878.3209173823145
891.0304490075529
909.3335361728828
900.5470265202931
895.7513229184733
920.7300889460404
933.4389235159776
899.6769895974314
888.611388595178
908.2990435580983
885.7587178467592
870.8181648833149
881.9633481675677
898.4931570462699
885.2012020332714
902.2170887775104
901.7755629729195
920.0232387995256
928.2837086706635
929.6060750322613
914.9018278515006
919.5302178831785
901.2691810985617
881.3400553601685
877.0900260693949
891.0882145353366
879.7485311310242
886.3031889068799
897.3090788177868
893.000138852763
887.4156394400752
888.5121973459698
885.6954720512025
882.2769163278723
893.2216336065258
895.619131368523
883.3032361357007
897.0909788516672
891.2555056520006
867.0666830603183
883.1120258228175
887.1078883188352
893.7951715559204
906.8344079920008
907.3056576451963
885.235758295184
909.8451608678408
891.4941822450761
891.4710492227568
912.4632786584582
927.6236730715447
919.197972402038
926.8484470607093
926.1385061225828
935.4350771394955
942.2321069379733
926.5750242199556
935.5465707103119
933.3120242622988
934.7128600550178
922.7483019347188
917.9634046356138
901.7408426146956
902.3539021030443
897.5154923646393
900.9605486522454
920.6530927416064
928.2658368189234
915.5318687501724
892.8410929884336
891.3252894269926
875.6276981963533
890.8330884647835
919.8022955776145
955.5578853822306
938.5171140586757
957.2720698754206
939.816087683162
917.6811950545608
904.3967888261991
927.0633172335879
942.2778912871515
947.2216470648301
958.0587354588637
952.3561649214938
944.6205201481309
930.6661865713859
930.3203653545439
933.9386374525002
933.5356170176448
927.7827873162473
917.3050536727659
917.4326907943932
915.1718838223981
918.3748680805231
929.4044669069092
938.1294329975896
934.5060002845656
928.9975962370529
923.0955407241856
917.1501052805108
911.027998830527
916.0347114711873
902.4913597300072
905.5085397633743
897.376322086462
893.1112678608821
881.8460329063266
880.8237050667426
867.9503127004197
875.1872478497589
879.1245626730193
887.7868628364288
895.1504438907627
904.0455085637869
896.7496929102876
895.2636151724867
888.2231524030799
897.7844953395798
896.6751983221917
905.0907792810611
909.3997477099358
913.4736270181241
907.5318858095673
911.8068999902412
914.837733061427
917.7615030374536
916.6050969451647
933.8025206755126
931.9664730321882
944.3717557760906
941.672522172179
947.6474023548706
945.9941192699154
937.9269059869694
923.6658691085784
925.5599394190023
922.3922707059423
914.4610763329622
933.2177844896121
933.134398934151
929.8250227951856
929.7518273786156
925.8193403766909
917.1951826206997
921.2220169593371
906.7693860473073
906.5268993731024
898.2755878089519
895.7947782193288
910.1402967703874
928.6846782424528
917.1706412243258
939.4123711824884
959.1423300736167
933.465602938486
946.0316431539746
952.6499471731117
941.4704630451841
927.2420927698877
938.7224018084577
934.3638536255577
952.4640085142701
954.4719254840757
965.736988597917
957.5401751469764
950.6547113469737
945.2707172568603
960.7804891738585
947.7060018420372
956.0398042779042
956.8451952419596
960.0409448390733
954.5867181861703
955.7556772022817
970.9380058274493
964.6878903991155
974.2647667130555
964.9756259934575
957.7183787346278
945.1954861807841
955.2881491660991
938.0643738037213
937.781884339282
945.4151287619065
956.1041270464118
952.168536742382
950.2434897897374
954.8243208978763
958.7475197408224
945.518387728957
946.4425650038727
962.280313524904
940.7250455590947
952.1134394683908
947.3937563996268
931.1426156179964
931.2143872679685
946.6158458408677
931.2577408097468
937.0447188984625
971.0166578680634
955.2930121941027
948.1395505986741
951.615770499186
952.1823956103743
949.9784229607395
955.4171974266925
972.7077214911776
969.8874419542286
974.6644367177962
954.2778329253883
946.1212588412891
953.0108412501336
951.3324612269364
946.7231111474655
947.3013573663237
936.6155957071269
915.9337750731264
916.5447615960799
916.2179536179411
903.8118275116707
913.0822265339967
909.1387205887889
903.382208398252
885.0710952468883
892.1027582399421
900.9337893387172
886.9505301041972
875.0092024636974
887.2880308048972
707.8996370826184
516.7925753631857
