-255.4898071911358
-259.12122525923417
-286.73906475096663
-299.69353151087864
-306.2430067247663
-292.49926616614385
-276.25758621255903
-247.22777028390874
-205.80233905648032
-229.8644743926104
-300.47675411239516
-290.7342450477035
-288.88392916923686
-260.5497080517152
-277.0189631787988
-142.1914064382696
-180.14995679246687
-128.69731000824737
-160.32778895782758
-79.93539161430965
-87.78858151046772
-49.13157245244277
-12.917940270055489
11.013189494776643
-3.381625529854815
-27.747362006418417
-22.73241886828023
-15.691146940543334
29.815594644039415
42.22889560475669
60.73561059240725
112.84982865829305
123.85140022338919
94.29380934509871
111.67440620356452
122.58181767810426
135.08665018799365
81.16041957783473
109.79226872810558
112.61341010210968
133.77952957070846
167.40261175687726
216.7261686955013
228.6856667487812
240.7646927255871
281.8915460295737
261.0705669763105
275.7231923401413
284.01614712845094
308.39005031498596
285.924286867984
332.20126026961793
333.5762279416997
342.9116748343805
362.6172654522534
372.61354122419124
359.1234201123965
343.64347960926824
340.6113397086951
342.9496206925137
345.36465665194925
344.36997481873726
380.91010807335664
397.958101509139
404.0205741878044
394.5808493659572
391.8810533958924
382.76015273645464
371.9078587285986
357.11595409992367
373.0228169256093
401.73840834902654
398.0656448354543
391.439747346721
392.79308273241185
380.46273845800494
369.2949413940535
379.11461490182904
398.0772310420296
406.00673804572534
424.04032622372813
438.21742869693065
448.7319591461337
455.86176626647864
459.92015828983847
465.39178432243403
467.40281604403225
473.70912105592424
473.37320053098495
490.29295543296695
494.24502792942724
497.3478316634679
500.5104234701189
498.60073456314774
483.0579105196829
477.25622981583234
477.64431259727394
466.0778467356262
463.08744441720967
464.9820306372952
481.36669249974926
470.18059534814967
461.46949733355854
448.5506793915293
440.0829744909895
429.2257708005534
446.98407897041767
466.0754517458001
492.3434658935495
488.37442698851464
502.7066633195042
479.0727017789847
491.61037908775063
493.1187058073649
513.5940697579564
506.7154269825818
526.2749177037423
518.2140837464938
532.5895875086859
538.7945289051321
545.273164728744
530.5262987252377
526.950387121878
517.4937026284302
527.2320706528288
528.3478090784564
546.9781626925435
559.0987218940123
565.567749969517
567.0725996077947
550.8895036158565
558.3148503592374
558.0484217932935
553.9533557981456
551.7999625249503
573.8822246349706
574.0407515862187
576.5114088682226
581.0137656377616
569.7515592886917
576.1113495500803
595.2424961213003
588.1160458160539
597.089305439945
628.2877263870639
621.805575475521
601.7950821700848
601.5963529576043
598.4509918362003
580.1508239853559
571.3132752225772
596.2767354454696
588.1725319443478
586.6960743962154
595.2540073158467
601.6162391361855
604.6663234391074
620.7084735401097
626.7821710676892
617.0837426555611
623.7869144849728
599.7241840793079
605.6911948494112
601.7644304327514
609.8815411391404
599.8149228332827
596.7937319925015
619.3738904766857
603.7470172390722
608.8611476742049
628.8874350218265
653.1285449288293
654.7434771968647
673.3325056754862
679.7619050075355
689.4017214978494
687.0447381550769
671.4839544287408
679.132638544467
674.5201992634159
664.9384091625913
655.0095998302112
658.6220538545475
646.4635505369431
641.8435522748788
642.3166761029296
627.5417721568336
626.9262847381942
628.5237455861188
631.9915400091551
631.7636906897656
661.005512753631
661.7132956299176
673.8329419808113
675.155883034243
677.6574368407971
671.1020391459514
668.4970446159249
673.7797973544771
669.5724976050124
676.8727395627737
676.7957940488642
693.5229482359656
701.6551371266688
712.6253754955302
715.657440170471
727.5855288719572
714.6112638756116
702.9289506215358
702.9542347671043
683.7915163657511
668.827166642382
669.2323373230778
660.3029932183957
654.3395906437771
664.157089208359
656.9052587012379
657.0660766175804
664.321629211056
667.8800174846251
670.8900687694631
681.783754241302
685.3517789067197
689.8881045945275
690.9264058423031
686.2934067815114
687.6991899930508
693.276235079647
690.688399746339
685.6729083826236
699.7890222600087
688.9115717809848
681.0093298873464
695.1337975739743
698.248357965907
699.1292109732931
705.5133611285826
704.6678682525152
687.4835775405221
695.1164187396562
678.9210002459886
686.3485681183123
682.4432853022553
685.3616466913319
674.0140657220666
675.17732218189
675.7202599411762
667.9109828125158
654.0962742471348
646.5922969271435
649.0335424151903
646.8601633360045
662.3710395527721
675.2662173736237
675.8159658364638
672.2091569056101
682.0473894359277
694.4936212897098
693.5261103893167
717.9555686407472
740.6986128228609
732.001132109487
722.73871676641
717.7218343537497
709.0611237028459
699.9073982952256
694.645819735335
697.6171118358824
709.5608802870795
711.0169092179592
708.4621978419336
716.9053181605044
717.7658075724132
709.2284577256406
717.908687270084
727.2751803814251
724.7557127332392
725.0271533137567
744.1440364719222
744.6362048255604
732.1848621757489
728.5443048774828
726.737429381388
710.3499154929755
703.6492359526659
703.0108144806327
702.9011750182804
704.7150050382642
711.4901821137826
698.2989252272243
704.3210761553078
708.0509242634823
712.7665792416702
718.3810026658921
725.0740623864687
725.0307242202
724.1723830780866
716.9683233060739
729.2443985040575
731.9012457346844
718.8938424423687
720.815494537881
709.9486879718719
708.0581492969445
716.4984018700161
718.7826520784953
719.0558114192256
731.9278558573302
715.2884584786242
710.4323816998476
723.1748937703235
730.1425841154373
728.7959616590609
728.3753394675522
716.2624141972832
716.4131719353471
718.4162939455755
734.4675470462523
733.513516946565
754.8936257370793
750.9519224619175
741.779314385528
724.679771456407
735.3131959668583
717.233774115132
712.1812609981982
715.2438447555627
703.2933761903472
694.5703507354233
700.787666106182
712.584426977884
710.1275704459208
715.1309558403526
718.4968325000752
717.6404499603838
709.4701654037257
700.0370246629027
707.2963183428553
694.6487704692922
698.5751271165968
704.0574919304305
715.4138664804115
711.2784169180666
723.0891695946409
721.6631899476204
719.729513688878
717.3519094127764
711.2052259286024
717.8366672977257
710.7788750627059
719.4844411778386
719.996001181808
718.5790715652951
707.601822302559
708.4766087233189
698.0578067061659
696.6522796298067
706.1884179810561
707.0166941666656
711.0157425216474
710.6631663560742
719.7560944041571
708.9651562886521
722.4075515479122
723.4250991473705
732.3875268473123
728.667273619334
740.3116078530628
739.3338816772293
737.3880580637195
733.2019911292837
732.7828951133641
735.7365099908517
742.7381199010489
746.26013459561
757.9407507841944
766.4357439099331
758.6356871767601
742.9167136122953
746.1273782411406
720.1790642874907
712.029868059871
719.8971887574929
719.6022049279013
726.2694415639315
742.9123675894645
734.6856111875029
727.2265760094776
726.2403381898882
725.3285948784842
719.770774921832
736.497940233315
746.8361569201718
747.0689742481374
735.3356677574797
740.2783190901503
734.3457174256203
747.9773496870188
757.5948058889184
760.132333797629
763.814577616626
771.5332074592909
762.1691135117294
760.1012490087182
775.4190418171798
785.9315197550918
782.6049295884128
784.8678974233519
787.967940635235
780.0686996611826
758.2805305959787
765.3775618762875
755.8867198770556
757.9539536131681
757.1303051143932
770.937367104493
764.749965074345
764.596988165854
759.9676908210641
761.0036556669525
750.7688726215007
763.638680073621
769.4605973684793
755.2493459025859
756.0837705061597
769.6402986464789
734.3744950506913
729.4568878585228
731.9989521768414
734.8104615205611
731.6874304221304
745.5280942312522
757.4045744792403
763.0862527833186
753.6262382875842
741.1364039279583
740.2006657413683
744.1997290053511
746.9357091163517
740.4409904725147
748.9450827795148
754.7420309054835
747.44470902579
752.9066318480232
771.4897222816383
781.2508931267987
796.1690439407437
811.3608204893042
825.3511932647028
816.1161398971291
808.9094630495243
794.2664856897859
788.8293937051515
769.151206787853
765.1494149747912
766.5705787932801
770.5454068054632
761.5763847279986
755.1313568475555
762.8720556464365
757.3222958162976
754.5499397941993
752.0995177306455
765.7209154136966
777.7131854863244
791.7340825926904
780.1208990841335
777.6573044804018
774.1541737258058
769.0664717617298
758.583145671114
770.0037338260369
779.2206909484142
792.935389518406
787.7117578630764
787.611677471084
787.2976459515401
774.883417489949
772.628198955027
771.5575716141911
771.9878510640856
769.1905506305031
786.4067741340153
778.466775257971
766.0122750655677
755.5167525674901
766.423415415573
754.7145811537495
755.2466969659982
770.4207984017419
778.603467478538
775.1327537761546
780.4033191094043
781.9225679483517
797.8447037438235
789.7613939452473
795.6977965504407
809.5706910260025
798.4408594583127
777.6650434592736
781.3663771577302
769.0803515605966
753.6072265821178
761.3699804238245
758.0270288993012
758.9847455898614
766.6339120146092
758.574937675161
747.2292217473057
754.3615931218819
771.5478469672527
763.7585062662008
768.9095309719233
788.2285083648779
779.5001931925683
754.584232962528
742.3612304481743
728.5161022100843
727.3549355320536
733.7056220064056
736.2926878376178
752.4231912910186
768.7550222868484
757.7317435074308
772.7911004933896
792.1156757684998
788.4944410923763
799.7705601973507
809.6360832430717
803.547286177655
802.4437678884663
804.8692826697304
799.5899858562967
800.2446400433963
800.7274836832125
784.2554499156483
795.9542918487921
782.5617649698776
793.5445119690166
790.1998233447396
815.4872355137444
795.5496246928662
790.8120004941378
783.297613578653
780.9755874247219
762.1814996442615
763.3092739468404
767.9557098839324
763.8633829892219
755.3939334538708
756.7897367413293
763.8968402871678
765.6705904149728
750.1349255836947
740.7912578058131
737.7032496921609
720.9392117274848
722.5288527651213
726.6931042819998
742.3635787178298
744.3222459085315
752.5064539110256
767.3387476757903
789.3995382815591
791.4941919231264
785.514486569909
773.9810224678807
759.4505125445418
742.2284183345009
731.5239175316649
739.3140462157678
757.4864979920405
742.6386495678919
743.0087145225708
755.1385842105667
750.3192283332896
748.4724974922104
763.4859348908129
764.9830210305782
754.7497776849148
742.5113720333044
749.5273384561949
757.2249178938052
739.351981274844
741.4524865714587
753.6312045752243
751.1474739918607
742.6552985097369
758.0833935741882
763.2408901323838
769.2639923679965
759.0954303637669
771.0475067350094
775.5022986354077
772.1605628918514
786.1608852445194
812.6420876537268
799.5848241882846
800.4875042788228
810.2590483534038
816.9620864542451
806.3766830834044
810.1259373668804
813.765724752
814.2413744503679
787.3198848118852
796.7279033394768
803.8035810990393
814.3148261236829
801.9426199657562
807.9336963561777
805.2236864330048
799.3508251060846
780.4095218623112
787.451215505968
792.0273341914769
793.4850787431977
795.070288806567
800.5714174540542
815.3202058985984
814.2442549920921
818.6403849222394
827.0994507595542
806.7626394523804
778.2660969874585
776.4213004776558
774.6705474133937
765.0875895381967
774.7377288895175
779.3040717519583
777.8935415152723
764.3912752767475
767.9545907137804
785.1862029466113
796.1325338094327
791.875490019993
792.4086077657903
794.2766105995131
782.7141850051642
774.1792775097056
777.6933345232114
771.6347983448072
763.8704097231404
767.8029714912716
770.3094213942952
770.1105960791989
771.3999993818982
771.9254711415322
771.4666075652613
775.5971227438121
775.955059936471
779.1735317680254
784.1358911880711
788.1149644610082
805.0915663450937
792.0863230929558
793.0797610187858
794.8227994755772
789.2657608122437
769.096906295889
787.0955305849418
790.3168368389695
793.9146059585065
793.7484737236066
793.1260162160196
795.6860276796597
786.711647899303
767.6962056913083
771.1291752621539
773.3787978529126
771.0076029158952
776.5130952108138
789.6833480122561
781.7202434904395
784.1777440378164
772.7389606926854
784.8435575471578
771.0304159417972
780.1162344128658
774.0755681021976
775.0319572740416
750.6897790165352
763.0171673971603
757.3341549901027
762.8325675308253
770.5522850463408
780.5813807622036
776.6155076682718
777.5927950773698
779.1512616176531
783.6863103363858
787.1253373586592
791.029751850661
792.889400881117
793.049650033007
790.8069910846201
789.4572516020132
780.0477509667415
776.4588466157276
785.9387113114717
778.606144005649
767.0353815378865
781.698142904086
786.2495019417777
777.9778507925473
780.4749975715139
791.765747022754
785.9787372035845
782.7358874358297
779.8194002821919
771.0371151201432
781.695997429631
772.7684805344231
774.0038296182465
765.5052230120659
775.2139818782558
747.670617601536
754.7704785976863
767.4684408492238
767.8429304440667
779.1519143575857
800.9051776054084
806.4051245805542
789.7440073010639
776.9723038903039
760.3775937976274
747.1594904866232
747.2758109872453
738.7350006431334
754.2975699015742
758.2782232061224
748.4825778786393
740.1768813460603
731.8700417428549
742.3793116630609
751.3486978360065
762.4527260867414
759.8944239348498
779.9048206250358
768.5766454282993
758.959983679727
755.990585968613
763.6447057932139
748.1431821789806
754.1914900548413
741.9275634054605
739.6272228906139
742.0466930152946
754.3581831581512
755.088929745447
777.3546331858047
784.5860299044188
777.0156133055376
755.3054243415946
749.932711185136
738.9579786567396
738.2791441910367
723.01528990113
741.9102818872308
740.9648462039761
727.2814747910111
716.00609521216
728.165386261938
726.2014703495138
720.2701556295261
717.7499321717988
728.6295997644985
728.9711521282693
732.2863641388292
722.671444406254
735.6854589680521
752.0722119700981
756.2367827664248
744.0186439976371
777.7686845396959
785.8975292741848
773.4945057749806
775.9346591941726
794.5562338617378
778.1134846131926
779.6252900226596
781.3769121839521
790.6285569754527
807.1207755051842
819.6940613414293
811.0180106808305
817.9685287583964
804.1802421268293
785.0530846491517
773.1544949768715
793.5611199092482
785.0772899316107
794.4871831052582
797.5229235730246
803.9026779303299
791.4809392077573
786.6501684674349
789.1576011601326
789.864317255329
792.4737592993893
793.542756122194
796.7773114309257
804.9113936020769
797.6757936925193
792.6447427117255
798.7931403978
802.5723495646596
789.1738375115438
807.2933039780071
795.8656149857458
787.7916826869125
797.5083270369305
798.7517917200396
787.6108522009843
811.7499533593059
811.6657630378802
800.8618050914487
801.5137714331945
801.050469839968
785.8005224663032
787.1824847270714
779.2203762175305
787.60771642178
794.6893816552926
787.4006547246474
776.5560044671971
782.572121346221
760.4061571521967
746.5196074994986
772.3373233643315
785.2410827399553
790.3321004994034
816.7803945221889
822.5843504513897
795.3704175838232
794.2741586562482
782.3996074822988
780.268199786341
799.0082666057815
820.8082336330526
807.9487840529129
818.5698003572854
806.4026232255311
789.3920348111317
781.0297975369314
809.2442438267822
812.6269217965444
816.4122713419192
819.0177216307993
819.0505298200569
805.0925972375446
805.8434398653563
805.3820639584608
795.1615789190546
782.4451642964802
778.8828781001598
767.3549949339059
774.3284079689756
788.7542118811377
805.9990105399864
822.9656366091474
831.1608015937175
821.2486734636575
811.6166591189793
803.7349299842781
797.7685838893567
805.2580753961099
801.9372144351071
790.384940381777
792.3346272949198
776.9721424991262
753.009702492264
750.050525030478
754.4002535930912
745.3038189893995
734.6250631348585
740.9135629286229
732.1997738984521
724.7106640062387
733.8748066107739
740.2865286226775
758.8942721015637
773.4013807898905
801.6650468048487
800.5253203823431
820.741076448526
813.1002619669698
829.3478704124067
827.7276753864614
832.3996058856193
825.7001182445181
835.89092486719
814.743915080844
811.9101513275762
810.8371355291282
813.0207483293938
804.0223421403923
805.6866321538793
813.5414610218613
811.5269290570312
804.5710424742408
804.419015731067
803.4396930161615
792.7120519695344
791.7527846295252
793.9296710661209
801.6135211176168
824.2374453155871
824.1187798603224
827.3294900756343
826.8287391211859
815.4742957867215
798.6365663602784
785.4245346624122
777.4671802817411
778.977627896259
782.077830713462
774.8730235616821
785.3769826915233
799.0752896144857
800.2749981718903
807.4755726775602
821.6381610578147
820.1864538354787
811.9682022631604
797.5053359662982
795.5258487270056
796.22017779559
805.6358621938535
806.828305462041
802.7618319366441
796.9840258711788
789.5387698293484
774.0500904822115
767.0223193269386
783.4514220065607
785.1229858419498
786.130958338471
795.3194402390152
794.8064525845906
794.316534443806
785.4491005136744
785.4483597503606
774.4764177382878
779.8343151530411
781.0663719415845
779.5535961631732
778.2004266262037
778.6270740738248
779.1278487493439
766.2475382043024
787.852683943119
778.8610780612105
782.9744568932563
785.4997787837236
791.0847454412517
777.3470747899887
786.9942603976989
781.245634809593
780.3319490352922
786.9255784006765
787.8476839466789
793.9047121553058
805.4516052726154
807.368031898754
794.8074968391801
807.8195451971611
805.5951209248436
802.5552142985435
793.3751760733095
809.0309913375772
807.6514379071816
813.2542574569366
824.6067643646395
835.2708521863156
835.3469980652319
825.2767929358895
814.7971688666619
813.4961180576215
811.3151918758515
814.9295574200285
808.6180366293387
799.0055590946938
788.8684544018586
787.295719652541
779.9700588063419
769.5315919811658
776.5633548789444
781.8098445103013
777.4797780130447
756.4817993215835
760.4265183215625
764.7727086627568
739.4664793531947
729.9829783164663
740.232828263615
