40.905198966966815
58.58687755691008
72.54941570203273
75.21345582117569
100.82909335214742
72.52912711084834
77.4525897206392
71.60233441030081
67.13378272880223
54.235605716622594
68.35038554043007
58.87291871546412
64.6482502180895
72.89630135666783
72.61007061671498
67.66629127404974
73.57471130294763
73.68287197404918
67.50614475629065
68.18025563670055
65.03774220356708
50.92428225380596
44.49151669127913
41.240243777040824
40.3775634388867
33.49241725666918
39.96777139127691
42.74304566014992
46.01621360549879
46.89822912206948
53.452666008535836
55.256701251799214
56.80769065026949
54.38453209587114
52.08057227036587
48.88382814707804
59.37466921856084
60.50883874470208
56.89782887248206
56.562064064393645
51.07484475379807
27.971489179190574
25.117376771026237
15.27304936009174
14.949581776911236
28.876337701300958
37.91291441540598
32.22425849042141
38.46409610897871
31.948491551301274
26.735998911419458
40.01134355933056
37.859024119165525
45.94905269901598
49.58980965144639
48.75947466475391
39.48816788474911
44.88992328775276
33.28052210154486
21.621654698083685
24.578093709532148
21.020510170180046
21.78397721225478
33.783458374559224
45.972316114087825
49.83248653214798
40.55294827500038
55.86301695232676
43.79935998259437
65.40371716928608
48.09049216847961
49.78393830177143
29.981737354830578
35.866108972293056
11.696940942838726
20.332216668088563
23.5620853285426
25.586411145017482
15.879952084198237
14.024659852992697
11.901204785010364
18.034880941376635
25.361296156574856
17.093276936188197
29.036733978066046
35.52217803651661
30.654266090101416
16.791571263779954
39.63738816844989
28.72674275718851
40.22992610210022
49.85126272351298
59.35978505767799
58.54301578264089
64.37941504601179
52.4595308367304
31.111253182755497
23.862217910949017
30.280767067165193
29.444308759368674
36.86656937970052
58.29240648363752
55.91423918786507
54.0039211036546
46.06536879358576
36.111617625393066
27.27859826534661
49.390393078304896
29.24543305282188
38.08654911132098
39.67448604678071
42.471712388850854
28.574793067159305
51.54700949732752
31.127486989623108
41.63279852714672
40.824005700800015
57.89473877026116
52.3393487783851
72.64525091195166
75.54089405583431
69.2682232971152
57.42298879727919
52.14443649372745
55.41946070991223
48.048355909387155
58.291633292670696
60.70324750525327
71.12553944309317
69.20666866489172
60.02331931832878
57.596203696604626
57.446592360328594
60.69080971007499
56.72071324814175
71.76116361302913
79.81373596433636
89.39662079228006
86.32614233041082
94.000212709191
88.48459497380686
76.90966976434531
69.33500799665177
80.23951017687392
87.47638408502071
85.3865253031565
99.83445333931934
81.6763558908368
81.66640406559273
65.17964207672844
59.134235247302925
43.89558648657073
44.021280741589344
25.820412927251958
28.708849389395997
30.46048927958921
26.620982180395696
36.20553404864253
21.688798590890762
22.605691352698134
10.72867682159036
9.163787417899712
13.3937950050042
49.85667390661243
56.548710457193486
90.34737721632118
106.48373580157654
99.39916713813618
100.0042593017402
106.72869729794388
90.61530862875486
100.17318280905491
111.9256764375902
105.69672069450992
101.83836056538493
108.67419522937726
101.13273169941706
103.92269704342405
99.48947874452492
99.96707302690533
101.27975074067594
94.70238329085902
92.68141157277731
84.99519781324018
83.68837860403434
75.52492528845033
90.21140377302764
90.30105772822483
93.65556726134581
91.3179066937539
93.37484576817333
82.27099712601705
72.97809149644694
82.62259116445523
66.42099757901782
64.4827538208928
56.110549017418734
45.2564297186841
48.67737918761172
48.921773083774525
49.12743801208444
52.89772934990552
58.316326374843186
40.37831225806314
50.10626159794012
43.74112711711629
42.37741309605805
47.80650335546377
53.26391385197758
53.618083112501694
44.930721006587646
33.96614759499195
22.03208671368541
2.708644197927563
3.170829130866876
20.87294632627026
44.56454967552921
57.95269974336487
82.79843216113308
84.43561638643354
93.18361504206072
65.54448722604674
69.48824107733893
63.93003005077665
65.88808260323312
55.2136426585903
78.1426946821183
64.01976805891216
71.82781950187598
72.03615948904391
70.4126999434476
63.63284976660408
76.24819071886137
66.50916396216472
56.05470870928024
52.94356539570918
51.35578566002355
51.753671211251294
59.295752063032666
74.37716923078241
67.72657157522383
70.94793286532486
71.864025431272
62.02954282763749
55.162477420685896
63.65345719539661
60.45240432259473
54.870604769516554
51.9610046592818
51.327195239463286
40.56013678475599
39.41933204502811
55.745049357705966
63.42782420486199
59.616738515444716
68.13287391433438
68.43151416307093
63.77690033779809
66.5224796769341
70.08777102642993
62.082644759230924
76.18531281927982
77.66498078708773
65.89663512060923
64.19402346316951
60.617740359194215
46.794830734707034
31.020433355375964
33.461868612405645
34.19477182356643
37.39579658652664
37.99331983421673
31.415784526186123
22.493798266695215
10.241532607518785
20.016659600452726
22.12040765734137
49.904016679974134
62.58100242779065
80.24399535918946
76.47362508550209
78.44083770996261
78.6412137815184
73.92786938245558
74.53656819601022
97.23786218002179
99.22915542916105
99.53527697878182
91.71919740742983
89.85802353462492
79.44119757057015
76.31338125790506
58.46608423956324
62.92744277997792
56.56641106511047
36.05707867335634
27.534225502170674
34.69258474402058
25.0734488925121
24.853608974255923
26.69819712258623
21.064372241974056
20.29148037987194
35.55946096570683
37.87259314617036
39.37619220503108
41.750082412731544
45.532184129781285
30.132823633657026
30.64662764514825
44.46592476197897
49.469196818431435
42.26313039288778
58.55524129836045
44.4388762599744
48.0472056524271
49.076446685740514
49.48848836717859
55.06830982759126
72.51790921949626
68.05150542048091
71.9265837622559
64.48034157500435
58.4361478191189
55.679437740633354
49.62508962869032
39.06126563050455
39.05837758432883
43.38332265410712
44.78847421951557
52.56447911359918
59.11866302282251
62.57001080527883
65.79042051279538
60.30342162405394
53.281906189474
48.88789805490598
56.885640201198136
43.82268549279729
38.43622357343597
36.21284750129058
49.964005158520294
46.13424598066835
45.996513702811555
70.88136014095846
76.33520458590081
77.52482470675048
80.8446758676436
86.68764234751511
60.07075692409338
61.56628368914654
57.97426432830926
55.692685446329406
44.034829351584534
57.62978341088102
60.580889474152
59.21004989749003
57.49115842435012
69.6292694966528
76.11273124512056
61.32516113216632
64.55812002266543
64.8699570538461
54.45044733687837
63.04706948419849
83.58505879016263
77.81364098145346
77.08198805734617
92.15040439014085
90.83031599998245
87.69175803927452
114.10834493228921
134.88632754226728
138.4192525108808
137.4152980232993
146.56459924589598
131.59971882318047
119.96018877104306
121.87426066743984
120.1524715288436
114.55343605611365
116.41551308070163
126.29670801384862
141.83638241108298
136.69586062743
135.96534249994943
132.30000799878246
136.40541057821233
120.39110629780565
120.76637996180341
118.88457859123835
116.97224746980605
106.2013478001501
115.28829851109336
114.8121818590712
126.3892968500428
128.0526215333051
115.1802777593566
100.814365597212
95.3312417320054
95.78587261051615
104.95393589146182
99.88053590206742
106.92000835479078
116.24215742585858
77.5472598988723
60.26562032149842
58.116972755853475
63.757636246411465
51.82919923641238
69.62600261067583
62.863343846972526
84.81221935304029
67.00205003401506
71.38664386485519
53.70791619056626
56.815392163095716
40.16547710109826
49.62518639952913
41.952199667443374
72.25968158923439
68.40123111731666
85.6443126392185
68.05763815397196
49.51320025995127
30.563331240963812
45.96794567602274
27.168831599130435
29.908634546141347
46.9967279186433
44.63912297779528
30.486066483364464
29.409411052829203
28.800987323635912
30.540926455077013
36.25347986838596
39.25851079310644
33.61675459022531
51.69000986196441
56.11266124633284
54.62474904604116
55.29389195291663
62.559675769558986
51.91214847364025
58.985288576053875
69.04851597463765
67.81924466700006
70.10584893076584
79.61273111509198
71.28195946164651
66.312852656443
74.20997512552032
64.95047536047133
56.54079624946631
68.59916411050555
67.31451036891707
62.88696417796462
81.73457600059317
69.95720399405423
58.4294101609864
67.02979431361776
64.49157806214664
73.8461000909586
98.02180087404025
102.4545433186291
96.00117941791352
101.60363175224008
97.52051777833047
80.52443670479236
79.27696215898993
78.3160181799719
73.61846793324736
77.70800171210301
78.13376339535138
72.10231420908814
65.11054783166628
71.30519690497222
41.51057727468426
41.59150850366291
38.015584731255686
23.11713228069687
-2.7286134455858733
5.971564738610926
-4.633816577236709
-1.9994584744872643
31.25936912009208
61.74245837785929
61.57015526268193
81.89485894078626
95.7850864167402
83.8745488700841
77.40874629031849
66.28121679093658
58.42016802545713
50.13044893520279
48.24155323061613
54.10126239703332
70.37458729187271
71.3126918568355
82.97232266215846
87.01959755641371
70.76319314087229
65.31457036587202
79.21279921684372
68.29867900870497
69.06713597933242
84.20401126721535
95.0823412275129
97.19750553902149
101.74270182096441
99.78124138739811
106.64941465601552
114.26522552611826
99.99311908828743
80.13258352334294
79.21572808363489
70.08901144281302
56.690082516448925
58.51693443530968
74.95222663490485
75.7732455621317
71.7439639615677
70.67972705593725
67.2243851039193
52.186926033228254
50.35220167302094
51.41987802790704
69.64890762189285
70.15986264842854
70.61525764335295
69.71879538817777
79.15105374242836
65.92624773628968
71.17664438874876
91.12714128427153
102.81497514733584
105.53066082740676
108.56592992355861
104.12479563597955
110.93724581192018
107.65703879216079
105.65127218558172
90.56337705500559
97.47030412292216
90.81667256246254
89.13839416440928
81.99728658792255
90.96184586194272
84.95739776675028
79.67091674295762
77.6357886904105
74.48163959466818
72.80388145241861
62.64612350263712
70.10338602113426
67.8328311232114
52.93550986980023
38.782625085231444
47.79894495195369
50.471010956190725
52.08802790489111
67.90226930765274
73.62139306100421
72.48289457913715
50.56317398793696
48.18360550598372
52.666644708434845
73.9253951681978
74.19431462731339
83.61212547752747
83.65188790981104
64.38842518969102
61.779624850592356
66.95682899456878
68.74790603142996
69.39782050424724
85.94520910354962
77.50204336641558
69.9158504174732
62.20896991583348
75.82322330501269
71.35491823124346
70.7146496201289
82.15595532915516
77.5280419187157
72.32965205254396
64.79786865658325
66.9606380111213
62.09496159116654
91.34089039395349
93.07923430235205
88.62736527321897
91.25230974105611
88.86656617780662
63.866385856889615
57.82053419239333
75.44663527292263
84.00742514325418
89.88700698937413
86.03826380683829
103.00225442253088
102.3309107198728
85.22822361363686
73.95609823531005
88.95112749790879
86.51210684243395
86.45885972421561
93.30824824241765
92.32938615898878
92.29775594267493
80.0367311901889
95.73609681428886
90.12661884719392
103.2165753665118
103.18295253250885
102.95709549627666
88.7833817050471
103.23027958712665
100.06983179365383
91.47795083611145
95.30193145480114
100.92275783980796
91.52524313002115
96.11653337999178
109.18684649331749
103.32666667735396
95.36695423925917
101.58158819275423
101.03410876292946
104.55264909828641
98.98124552144425
103.07378100252842
99.9968385171558
82.45903788567345
80.15174283100185
93.47262217204086
104.61237060418111
110.53245310298391
121.91180743809943
112.3234686407817
96.35857334413303
80.76231516365479
77.44117899754018
76.58071058333039
70.95691047059593
67.0329061677611
53.99261057640257
35.16114036445833
16.252279336458756
22.782643906057082
25.96206048608975
31.071833323906542
49.77630917838795
62.06245497376629
56.05466718757021
59.74272281386487
65.4991012718701
46.99620907678667
51.78625119093286
49.042797819488264
38.83271650288978
46.85095819208594
60.14330603140597
67.13437558133147
76.84399878848295
91.25631316639861
93.24295235503448
91.82343310036086
84.06072873024418
72.69246811576457
73.9416286458369
59.13853886959907
68.21083016029877
73.27075601425832
86.678110588179
95.18221536632821
106.72926345546357
101.0913451662588
96.09248091869955
93.99264562833226
95.84313568062157
83.91044229221545
84.38714420886424
88.18881285359919
92.68813265016156
82.89395590485772
98.78253672007726
95.20484681433601
91.61120995648814
97.46644635480327
90.8624369195911
85.11695595201044
90.1578978818425
86.11292462989046
70.1915285800602
59.84895626709861
53.11258699685957
31.069899801284137
30.787853379249853
18.923570918089585
33.72210495631439
29.53155151732732
33.268318150996194
38.34216843348386
59.082694410003015
59.049392812130826
64.87195649350991
76.82071303896585
79.39731330695801
63.60747274061408
65.56391961420563
68.1548681431309
80.05564739990817
91.72376882414362
107.07155695320156
107.08688993206309
127.23661870202653
116.54198487871642
104.77300022836397
102.8431346872077
114.56061779131275
89.2862405969544
103.8770889679266
110.99065088071022
89.63465829402868
67.45322183388791
70.14322138751719
37.658188112642556
34.86381934483869
49.64152132551986
48.64452953822769
47.02786217603574
62.23888704394176
55.51958311520439
60.00790287655003
65.06173407622762
69.05509833668265
72.00195495589676
74.89629477228978
77.96488630629098
76.51700136817286
86.7308522530274
101.70779897276715
118.74826055383605
104.62668668808095
116.28617232337899
106.80522128678467
95.54498444050269
80.64515316748614
98.2654464245551
87.85382534687322
86.80573965314676
84.59021102746935
82.1039217620959
76.79352015606884
81.71282765864967
89.29788681912885
94.67095858538823
79.42899289928101
73.40479088296456
84.99332199284355
70.9883661497558
64.02884711400475
81.24263124374437
72.73103594292705
68.24523906651282
74.22854194923195
68.00625150373885
67.58499905509775
75.03622599485803
70.2998779019875
57.14382840638588
66.52132969099209
53.86168884323499
59.119762541910525
54.89066098920558
58.16267581846581
54.231182342917954
68.93707576588106
60.0319706320426
64.9664385850708
62.16070092138179
50.55897606847633
41.35138824382845
34.596912404883696
16.093621296808173
28.222671267023188
50.18557615722496
52.84155970294821
68.06150408569867
94.2571809931625
95.09635028367529
86.79059525093787
95.4693591419529
107.49739045485288
99.29526414094856
102.51901852634386
103.92795557202055
116.25119161126756
93.69464043691315
113.37508753844233
133.6368918602653
134.89858551426306
122.80315507931945
141.43785882142816
107.1012528132196
88.51793888411486
102.6675711822607
93.58728387191138
88.8437991274572
118.59058441244454
117.99962946329973
115.28227798724281
106.48579410518194
106.30174032774451
79.95611281593264
73.31038145518428
58.542300285569006
66.73503003730636
68.10460595208
63.96787373400954
63.71669539580849
61.56866436357825
51.359889281574155
58.136883332980304
70.13026037036086
63.66182208043381
79.52353284878929
92.7262759145465
84.16281506470398
68.52532854533588
80.72763568088362
72.61187606506773
61.34181000233472
67.78873891549935
68.4432444597418
63.81427815984204
58.47772600657578
76.01773952475743
67.80910062806885
96.29242206215409
99.14590007615928
97.5633487009805
76.45173186751764
76.0720184910549
60.03945143495393
64.18462640665038
60.6364924926191
76.22496808256386
66.40453881332922
63.89234874924914
56.5829553871381
51.16642556250445
37.51392179349518
44.3677450924167
46.353822338450854
44.625184483704544
53.24772471000739
63.28030245391426
63.196215413947904
75.04148352425017
80.53784523826673
86.80155670811334
92.88730720187402
92.82163734200907
79.09678950803902
74.21668917902943
73.29647391668634
73.00432112512736
88.91311462061032
92.98353344629763
107.58697781563178
107.52232186037568
105.04971978180859
98.4499548733744
113.75524191830077
111.51851964097332
110.49763980038185
105.43835166473983
104.15813370143707
99.4504420855991
87.44245671207418
81.83433053883417
86.10069622115185
73.04640951515296
69.24967370753568
71.53782210819087
71.39279132319818
77.94814039173397
96.48944817537985
99.69165553572155
97.8086837703765
85.08678668062498
85.59176754872801
63.04004163366311
56.811080011974155
54.241391735208246
64.7439567027167
52.813788080662356
56.02222718607526
48.271350365097824
47.661351854492715
54.97082885415283
47.70394539092568
54.05479339539071
48.806880655282285
43.78438255270856
38.65567372351317
47.990083316679744
58.1511547208719
68.55489625645897
76.66891939859266
76.6627130472334
70.98736529254144
62.99653339525599
62.67284314955969
59.002231738290455
62.45066479954363
73.38751757776151
84.47477830750306
86.09969035457499
90.76048443007886
89.09393765240138
80.25389758082304
76.99175670117934
82.82218350036979
91.30825313720916
92.554847220276
110.5738714512511
102.76487231087864
83.93777091667266
67.7819746651267
66.76926369005251
57.543617058525456
67.03348702471501
82.15490047885108
83.4881394859793
89.72848937958908
89.15082368674751
79.62559062936845
78.48522231074928
82.28816620664199
78.38068491094762
78.21107511649032
80.55034399066744
78.3441762801512
87.21536431037921
89.1232660728335
73.73511061063087
79.02497395177579
79.43484832736839
75.84936424281608
74.43214977511161
95.68106107918378
81.41412611438761
96.11493301923994
96.00386110876237
87.59480842742019
80.26726304397249
89.5055258205347
62.775211737379195
58.612874742893794
78.0358849464707
54.527676382789465
63.81229200446109
82.59798152971521
76.78287557571676
58.76035900830081
76.79436271214641
63.65723479785143
58.3389990711172
62.15305505340178
63.70646350819048
62.32834416216518
62.58716019224664
56.64667557346155
63.43592834111807
45.13793099663215
61.185715751726335
49.331005221727914
50.08627599009636
52.74272045370083
70.66115632079922
57.540802451221275
69.15146134452603
77.60172282536126
75.83838731447923
75.17037280142563
66.31308363514455
63.11885798880681
68.11786998107111
57.10627687238164
53.172346266682354
73.3819382973239
64.3130723734325
46.77839624247782
46.93754303041391
33.32526536524397
