-3813.432266380703
-5364.994383401794
-6691.700269792607
-6265.314420447081
-5914.247271029585
-5702.150725104706
-5191.210350604969
-4641.284103360541
-5310.527201514143
-5420.242389337096
-5857.965174620955
-5672.558776114371
-5704.214263403961
-5373.661825232651
-4850.259495072833
-4674.88012688192
-4704.340576294545
-5009.819521251081
-5307.219093092431
-5620.363569090161
-5019.763705681498
-4590.683157339797
-4442.785199539017
-3876.120655177877
-3983.465285769066
-4198.232854523922
-4830.763394934528
-4658.977099449565
-4510.850175592766
-4058.6281145809266
-4046.503269808543
-3494.748760929074
-3307.517169170978
-3809.4473353877083
-4250.386780092868
-4180.819934528733
-5182.345979906629
-5725.21594859725
-5683.438212597004
-5403.529341104089
-5772.3311952749655
-5390.563737803413
-5425.04841429013
-5853.070867314102
-6026.573967410339
-6671.559344119687
-7663.498241818888
-7264.641591345366
-6079.114606660667
-6018.75168849412
-5231.679636212171
-4184.442290663407
-4594.399988097302
-4970.305844768854
-4641.33185452705
-4417.275470589616
-4078.0402602531094
-3390.793250569136
-3403.0596244076105
-3760.5432344500277
-4041.034070781083
-4173.23901278494
-4021.2465753001675
-4127.2197023647495
-4016.2056200491725
-3977.032653237219
-3990.481903010499
-4565.7470988249215
-4083.020360796446
-4168.7364758412505
-3897.52727930761
-3651.1889369390024
-3607.973641272992
-3999.4410392308982
-4391.203162006156
-4511.2729213087305
-4549.888619485397
-4778.204532349219
-4956.291112781882
-4787.711127396777
-4826.1788059914325
-4630.927916795267
-4630.9850101062175
-4646.912410485855
-4493.251885089816
-4852.056621949185
-5363.38771717067
-5173.9911403101005
-4576.658719649165
-4329.316126174147
-4263.304315439811
-4547.31755870815
-4821.508404415885
-5241.707005199004
-5452.104735177056
-5543.486493088321
-4835.578005730904
-4474.603248676642
-4360.334255668168
-4199.443589159577
-3880.3742205073668
-4078.5011708735005
-3947.843750467594
-3841.73486454263
-3738.9025063499766
-3282.164650395575
-3468.435678817925
-3437.2172558752604
-3222.1732163913553
-3333.5023225025852
-3615.0982256853517
-3346.9993637530283
-3360.346861776955
-3302.9410332002544
-3190.059600334868
-2927.3034634345663
-3154.789458315859
-3433.634927451003
-3673.4560868083086
-3655.34156630223
-3923.9701327552857
-3676.5929689703285
-3698.2566422510176
-3884.539355286781
-3928.5864809568966
-3946.4980696244097
-3958.2281206720418
-3850.2568020469735
-3629.5763247996765
-3320.238828353019
-3268.091461220703
-3028.7226133782933
-2939.520000026969
-2832.4311585870187
-3000.709577119414
-2791.7303717757777
-2994.9325858998855
-2800.393687194531
-2797.29751150782
-2858.457007633538
-3044.5654044096395
-3294.3119100626664
-3223.9221087063092
-3309.6241415174313
-3039.233975552916
-3287.41580078825
-2986.8176609272336
-2751.8005847586437
-3423.804636707807
-3679.3123079596285
-3523.9648767604153
-3756.216471285802
-3988.4831855534358
-2811.3353115952273
-3053.933264982603
-2980.9222104112496
-2833.7515542905344
-2830.3658998188093
-6121.842620704338
-6392.813243407888
-7283.3660166485615
-6635.099398396379
-6919.607530999617
-4315.8880433829245
-4557.8474707726755
-4001.419191744767
-4661.494122194219
-4654.508667442426
-4844.814934141268
-4313.808797787756
-4015.539542932541
-3322.687039103911
-2835.622470195034
-2797.4045112464014
-2229.2589854521475
-2377.3890670729406
-3104.031454240603
-3056.052444196899
-2913.4399728310373
-3245.534856387295
-2800.1340877142234
-2718.0285941948855
-2938.970282405938
-2728.7182967258036
-2987.6062053661626
-2869.252867265937
-2135.5540032497206
-2708.073305877773
-2599.8097134392733
-2092.713851966594
-2837.9529440401666
-3605.3359842579007
-3621.548018249192
-3975.992571744651
-4135.720772933948
-3599.818847805854
-3549.0396417021657
-3121.3607025757074
-2889.64104804606
-3131.010361638003
-2999.90281395684
-2862.399240920265
-2557.26605834994
-2560.8614131628437
-2561.614088824767
-3195.548017735431
-3347.5113885445217
-3882.130098743602
-3875.5383233518546
-3667.7831244608674
-3328.260518805142
-3220.236993004671
-3000.228187890207
-3050.8745731487625
-3165.147985236689
-3354.783423425996
-3363.1119548884917
-3030.2336642535683
-3227.075968897978
-3280.2417497164556
-3249.677045911798
-3449.768477805634
-3919.6305851543857
-3729.1147496003823
-3740.0409641758747
-3628.425365821315
-3707.630247170812
-3559.7736298438194
-3625.3813512366623
-3541.8477695255924
-3472.0818926757725
-3437.6693644848037
-3447.680366300194
-3341.6193063255996
-3435.8355127602113
-3356.901792800181
-3187.695910309587
-3396.111488895903
-3080.01570725775
-3049.0222276842633
-3518.0665251836645
-3649.9885141134396
-3495.60060296925
-3495.2149665371126
-3355.5826886726886
-2902.509314287735
-2796.842789919706
-2400.9759851305607
-2560.1151231742306
-2583.3758015514068
-2652.0053447797
-2747.3533428276496
-2925.066962711932
-2731.1936074642267
-2883.5924036682954
-3063.0169704179843
-2858.204038551783
-2987.7178639079834
-3243.384121932854
-2811.535279825407
-2528.98164762003
-2469.5803874850503
-2173.181645456237
-2086.9083628068224
-2066.7330913697624
-2000.7916253757805
-2048.69676456354
-2278.880667894796
-2217.640179655245
-2336.441816683099
-2284.7911163451236
-2033.227433416052
-1901.0541995632452
-1820.809348976215
-1573.3886712115193
-1490.5832688635362
-1564.0309861500298
-1714.9939526337232
-1965.5968025386155
-2228.851099376966
-2225.5723732161705
-2178.906247749798
-1908.6873926245821
-1644.1250996591493
-1338.1237003464037
-1355.5282843744142
-1420.143143660047
-1508.4978045009566
-1278.9141287636814
-1533.843305279172
-1476.2195599537126
-1180.1313288388853
-1085.8739521005564
-1187.76637486988
-1504.4273323907528
-1586.4132989986758
-1610.767759491295
-1385.7976280466671
-1519.5815817271177
-1160.1031478828688
-1122.8112504639612
-1472.5097085611155
-2026.3069489279355
-2246.998744025994
-2048.3002188359087
-1795.237439115261
-1794.3476592711518
-1152.0930786569777
-949.1911539965545
-1234.1043287697494
-1745.2619293784742
-1808.6770883554682
-2000.1115232289717
-2014.0802090730276
-1961.8606779373913
-1468.9052318331449
-1163.6908636280907
-1329.4444208696518
-1329.7818723999078
-1475.322000080987
-1877.7001565826074
-1853.4271238398549
-1901.790414216287
-1860.8279582145335
-1555.8334087305047
-1382.8223790113343
-1341.8290295987483
-1158.8421092620997
-1029.326854903708
-1092.4907553692178
-1032.4833343113578
-933.9404272727948
-932.8406192086513
-961.4676427994159
-916.1042148377805
-634.2261899042811
-771.4315255462815
-655.5453499529549
-674.89847270478
-941.3793909123974
-1135.6185228188344
-1374.3042922067193
-1516.6794430414857
-1365.8420265704085
-1051.0485324578892
-989.2966198894399
-790.8730462257311
-882.4300140901735
-819.1565615779585
-889.925021900225
-953.2013766853797
-917.62534604812
-757.9420675103023
-1061.3628799084918
-1040.831218596827
-1334.0399780090343
-1304.534732507902
-1152.387936973686
-896.9272474127112
-747.4437396940637
-405.1491123785954
-114.4474190904881
-464.5593932516124
-676.6292609047678
-982.045013087404
-1426.8559253433687
-1459.8406345136536
-966.8058217914228
-823.6734373708343
-242.9921519643128
-95.0001138918301
-337.63288728462277
-990.2622446572989
-1370.5180148891536
-1789.0483892263449
-1565.3572285643838
-1237.4169416396167
-1052.3349614699023
-1091.950608295167
-1249.12304001472
-1107.9714320498176
-1869.2857751880128
-1765.4261500333225
-1548.7402574289408
-1493.0483616282522
-1758.2454416386413
-1508.9356029221374
-1595.9029568135115
-1578.9888582484791
-1321.8017980405707
-1108.7036323712491
-1019.7524079905133
-939.706209041522
-893.2403367067714
-1231.2377501393298
-1320.6735161344654
-1182.5402916744397
-1268.7611354138423
-1131.8000298663942
-940.6877800278088
-1058.754455600876
-1164.957201912979
-864.1636472641527
-919.9851847212714
-994.3780861807853
-758.9987590887893
-860.1520046631737
-1037.4911325589055
-1025.8846570952924
-1104.2090752201254
-1320.4737079858596
-1159.4858880358652
-1119.4750042860069
-1254.2898940336186
-1071.7404485418713
-930.2396538797566
-848.9988573040598
-818.4111042864463
-587.0349660359932
-581.7823493082708
-468.10038022184017
-515.9024355029522
-450.57057384956784
-597.2135578925383
-367.4382797674841
-419.6707030571515
-452.74198713392207
-564.7009892390912
-535.9047380966529
-819.7759622646624
-778.2626863099774
-837.4179326541604
-877.7828047816681
-851.1992257257398
-881.9623374409736
-1001.8169877880438
-1199.968111424848
-1313.448166647444
-1298.0233878780116
-1153.9627091681605
-962.7989966965429
-522.384675649728
-90.47930417257182
-67.55594428693308
122.6222184688497
-193.30055797400766
-225.19224095355725
-157.472290103673
5.663570499498732
-174.6305398402901
-10.180143230396354
-125.52103475125415
-102.97923841532636
-267.07413285978555
-220.3086872065149
-398.2201263306016
-583.2677086615447
-885.745433267728
-870.1654168667862
-899.9911447459002
-528.9349142605605
-366.5338371392593
-234.00831778463146
-288.15467472851367
-381.7122695545992
-302.0921010419212
-54.411208005657585
-88.61543708501378
72.6451767612148
-181.40837935813732
-381.3316970202991
-317.2787988601091
-479.9249481663039
-580.0611237612318
-164.87288586142867
-243.29220685589556
-552.1373050455055
-478.0489329273324
-270.67144517111103
-319.81386395891343
-377.93421776957996
-467.43015715978004
-655.6230723095514
-977.050863810024
-795.260761418847
-700.7280258252797
-529.0949569738158
-391.29361350580984
-178.07042030989987
-217.33059647792822
-268.68919275883366
-340.48449612928664
-187.97187251246902
-351.20332353625224
-575.3310507342586
-402.137143558519
-344.67113035415775
-259.2826694252885
79.61984591976056
231.9275451920101
279.39005360619524
226.90747556009845
-83.71875307027238
-170.79926215098078
-295.3376206887003
-458.51500696763975
-165.73231252053534
60.326498364359445
-10.4356849737554
135.8732473669612
189.74416644916488
-35.7514097963246
67.90435250984238
48.677960977656795
-92.93178066441244
-202.92329862959554
-160.7918252282616
-382.68744870092075
-388.10394336612853
-153.44233665143142
-48.79036507425328
107.79094057303479
176.9121415011559
296.4478846314984
230.61392736359034
135.9764517519888
-39.55308691367479
-197.95283741866405
-325.4590609074679
-392.82268312215484
-274.0446981926401
-177.67598536360347
-72.3506944919197
-36.52110937795813
-59.52179857616065
-212.19162906012582
-278.0942575557625
-289.2613906473366
-298.7955830157303
-274.7823834621776
-230.95744173870003
-405.3395679228804
-310.1147880197105
-206.52020239266255
-241.51629278719508
-189.78774639995106
-32.62365524013221
-162.69431208418217
-535.0957067665013
-766.3170574451837
-685.0373136078804
-587.9602547400813
-509.919239856823
-462.10962385187975
-290.08081993270423
-450.63698124832706
-501.6414914103208
-635.0885143868327
-416.61171375094835
-342.0101516393534
-241.52876848697858
-126.28948302542295
22.297374567341883
129.72709976750048
146.53286150947417
159.49961776764556
27.90213596147187
77.00354083220316
93.59782270294278
-37.34907048229597
-49.47257524658228
-41.58294031877155
-16.079540898104668
-123.61357765302756
-2.954615424272548
18.858491558349456
-26.861395773708693
-91.73554305185453
-104.6032955670321
-112.27779241512698
28.205425764331892
-43.70688106852347
15.25353046542383
124.92765932915373
137.3296041402523
-75.21166318694972
124.21086187188725
324.92091339235986
116.68295439981583
173.7852230643119
282.82219305074256
189.70204635228822
-84.0114635132988
61.41059395800191
-118.80427691969871
-16.48923670419599
39.59883409791048
271.71929678461566
339.7957671912493
630.236116501641
517.2799404742956
394.80555540030446
243.52372602651934
180.47825383675814
159.94736762836925
168.39223519193237
345.32532543732225
471.18940391147487
238.21306162433768
84.36360282320193
-353.874696653929
-637.5793528025881
-828.4924352293268
-254.31571903578305
28.00008189535862
532.1123743894142
448.1265908597061
543.1510959119811
289.0373578847323
-189.9665274206241
-433.79337713061426
-298.3910176467964
-472.2022905289943
-1197.5090612748793
-839.5906028337553
-783.9354501755597
-536.0229096305131
-512.5919917129823
244.28659906323003
73.62193990515665
392.97842593884013
432.23298844967854
796.2228756917552
420.71175892973633
616.1010115694572
467.4735297372065
315.44003084239404
200.10438827046875
424.4563600773494
238.4293011597147
174.7458330406193
219.6688696130499
111.32831213512834
44.80541565135561
294.49015571974365
200.90731908965378
353.9858130727771
500.2179202486647
861.3812438988432
779.2294413109001
934.6117327208303
982.1159583349995
792.9309412893392
604.7369114645763
579.1066203303506
606.4642156453938
470.23547584607445
601.8371189128117
605.8778352581307
669.1854002377637
748.1205658129725
949.4816520889792
971.1936536695116
1002.1173845109355
979.198122431353
796.4970732032076
609.2813807924887
258.41351691262224
480.96023315839307
525.2708106275029
251.11152129811416
102.15533564816076
659.3840413333155
123.3894635090665
-134.72484985072953
461.19393283156575
507.7797308437041
88.9708859044809
610.3869082167297
867.7154156953359
625.9878523941718
649.4293033195609
951.6544928038034
862.6966082660769
1039.5032142422865
1116.2850653079151
1051.5643632588512
927.8494995663593
805.6705042240603
467.115318295699
318.7651000799807
275.1317586381107
475.05732891844286
460.49490744626485
525.2559178759727
700.4543606883994
1014.3281991527765
938.1172759295335
927.1714486334381
1049.5300772949872
1009.445636603712
1003.4584634794028
871.916381640724
779.5170745323691
790.0771474263178
849.1391151627862
677.3811190812111
708.9329536444519
763.4265329531015
694.1340393392502
694.8981765084033
877.1039943739418
769.4395608006561
634.5235015704216
649.3133149332839
648.9892563796525
726.9932333305474
811.1761964883841
1194.4605726660793
1326.6362444647516
1334.3700296007216
846.8767039008574
880.1733072047176
750.8809030050093
792.2493813835406
807.4143720148334
1136.7760182447155
1188.7788709011734
1244.3486407153111
1241.9189854467788
1146.4091761058928
1209.2564235343652
1219.3810985464918
1096.9740860137963
970.6540077884033
995.9442828260628
874.0740477822201
805.2644929262959
627.6021101625128
417.72320765214215
404.58633614008755
378.74310382309085
421.95080216291467
622.0438493372551
719.4900715708097
788.9799218728411
760.1155200217457
743.38247906651
894.6642387038311
979.1815552056865
1134.0878530182772
1277.4513528549599
1366.2961720911617
1264.3626820133632
1208.4315924969908
1177.8007804902963
1136.2964945872159
1069.7095512254275
1047.3594808962262
988.5876918428874
718.2776548403662
654.0594290075707
416.5646490883124
268.6095204340526
369.06390566268965
465.82815620387197
556.9394990444196
760.9400133972415
676.8101356659633
602.2095951114087
575.9232398952136
480.41141013619614
563.162588936393
551.9317829566027
506.3499053039343
533.1275383433673
715.5641522643189
697.6452476495537
930.4376899578494
845.0322564419259
688.6410544823626
519.9554920649412
285.0958179550552
265.8176165364751
287.20377418606927
543.1741926410325
545.7581179289773
843.6869810704254
930.5870468929212
1162.1426917666067
1226.8970847316557
1130.9603299773125
1028.8640110218655
1021.3677703718083
967.1694016435533
832.0490425304406
998.6057653543766
1030.694691689864
1064.3651288947663
1072.4122335580453
1095.317721039064
1121.1316657149055
1074.5820052103118
952.1833655655098
962.4821595740164
975.3532705170411
858.2900415488159
883.7154905366384
1047.3193097619837
1066.600774710067
1164.3868392568875
1265.146086362104
1285.9258586515552
1043.1207699892577
1189.140160003417
1191.6792295591606
1410.0592952284524
1352.5154334033468
1251.7172463706027
1138.8211665057736
823.6433359507785
674.5030006987304
843.7443334605089
909.8076751088948
769.122052933169
940.7367311789131
918.5301844650735
897.9640002181899
1092.1619842340622
1232.920197854034
1482.1854178802487
1107.7519859012057
911.3373874011386
1026.2195128718417
855.0021091274556
642.7470270341506
934.3298387714862
1041.8236957778677
1018.4311326044169
1204.2768111808787
1245.4532143668912
1308.647203558721
1411.0941088975678
1356.1734301045578
1350.4010304536596
1421.1253566755327
1409.346812314203
1412.755040551948
1419.1916865357678
1510.9681138955923
1494.6959050734363
1638.6329257040445
1505.5057267633342
1488.6510340448644
1365.7308269720525
1303.9925539062
1278.6099111583947
1317.7114518056765
1278.043955299744
1291.7901239304936
1203.8026987955116
995.3795386406866
910.8042643951649
833.1819454643154
964.1368274423337
1036.8566355122907
985.6524532952357
1146.4256273730434
1368.2665727665096
1184.205162402695
1279.504020056595
1405.4034149015981
1326.9158627097818
1319.2283846518726
1392.5432769302615
1151.8610794443393
1244.4965314214037
1230.694161543484
1170.5017582134922
1105.6864350608148
1155.271908358147
1074.5717637260982
1089.0479530512507
1090.9345916454888
1009.5431345131481
1277.0313909165702
1307.7542557150116
1254.7189331555783
912.8634322917379
1027.6196264585533
1049.0322086023432
1019.68932142599
994.093437526602
1272.562048852211
1239.002107828149
937.9152858473992
827.8415386185986
809.7770761808775
875.348725701416
1006.4058023480062
1224.357538923566
1450.841232087888
1621.534255496442
1596.9945559737412
1504.132588893661
1534.365458382253
1323.1979401306191
1298.4362593166356
1279.7707372596392
1308.8589865854997
1132.6118100284443
1263.2112487600084
1290.1356064462177
1278.8473374642458
1269.0749944172103
1247.5678864919776
1391.7415283737319
1352.1196044394735
1514.9104358937525
1466.108000486919
1462.2617740602996
1399.5584789710203
1547.1293568388164
1401.547695033028
1307.8787626129204
1206.2626822691007
1140.4266879898453
1140.223890510043
1114.4193792605802
1221.3304810948266
1340.4918799817567
1352.1871482281938
1359.741271956595
1408.367757330365
1552.8618905928274
1580.1843144333347
1687.9224489904257
1352.4751616000462
1394.527119856922
1222.4714792074176
1589.8117676998438
1456.4596497659975
1690.2228507646143
1483.4753827417198
1468.9307207167087
957.9546670637992
722.8854256396337
753.9625370427871
827.5094036069796
818.2902155664698
820.7391634924884
922.8523123541481
997.7802204325355
1203.0427130019218
1396.7076641659028
1701.6706567614594
1972.5403512562143
1797.1606847016628
1731.7782250215187
1665.861357090389
1542.8759805167165
1546.8889354803846
1575.171270234499
1514.8464992014315
1355.6182291181253
1371.3012764885514
1342.4831449350377
1459.8654753217738
1391.432610470184
1509.6103521380865
1563.8745470710487
1454.5323175523145
1385.4854520996403
1480.4921832409207
1498.4462111011248
1476.2716386642246
1622.691305223772
1685.9765732474696
1716.9857267557418
1693.894506694479
1691.9661509870616
1642.1336844876444
1628.648927210591
1666.7202527957838
1654.5742686837402
1681.520566716374
1650.6366213092767
1587.5377936225968
1441.8274025022363
1498.7510531446112
1571.0213641973116
1646.2245751563946
1557.4388464773074
1588.6823620666967
1578.3351491553317
1485.5443811126734
1457.1939804948886
1549.3106071828715
1294.6010308266968
997.4819560392639
