51.996147427890165
124.78177702310221
-360.18932138906763
10.808334674439546
-429.8287329862681
-45.8709502597588
167.88810062217752
-78.26378235828575
-502.6578557732097
-331.5805459404582
-112.32018336919009
-217.0975202824363
-251.5677836994283
38.01846034669743
5.101334159138266
441.60002877110696
542.2944781834858
-665.8099691640896
-74.81906456174947
157.53456625606924
38.638357831456275
-264.4707218905582
-238.361025185681
-167.98016465288762
-392.65305718615843
331.0835058208319
-98.71815345152426
-357.56460426454356
71.70207162527963
-320.83747427411487
21.207811057857654
382.7928105211394
-19.420923308694302
269.61737705310253
-417.60565483261905
-162.13587682736895
-433.8118525886082
-278.82840378257856
-94.45524327129522
276.7848197516172
-47.73549844824414
-287.0074746413413
50.30491967111184
-186.14905627438225
62.83331398500079
-277.993853521631
49.61413928956554
-117.87213018594963
-303.68864716062546
-27.513952291361207
-75.0518154568515
163.719840768265
-84.1899089132135
-158.7132168317346
-457.0789123348216
-128.48491158778347
-245.9786095528358
17.203498684783995
-41.020663266242245
178.72183872165812
44.52240728417163
-388.45108485168316
-207.10878552889187
23.376870583462086
62.40133452007599
-131.3595755378631
-451.44354152712236
7.8863415475476994
51.07064726446762
8.784282359359775
-24.288775975008317
-94.57449785237898
328.81309823911295
-47.43045375931379
41.77709679452187
-217.100921020302
-601.8038999385685
154.12572106490882
-326.72840675320396
-561.6849241373928
-234.11272727504812
-232.26044261920086
-637.2631083761496
-20.465542700894026
-224.9547446665835
-463.52640337863136
-308.4720104329325
-72.17855975932487
142.75241628058419
-205.1568892162416
-588.2057367119801
-314.0426762488269
-382.26833956301294
180.31981347347042
271.93608586169154
142.21045589450623
112.35363385415633
-59.36326014519978
-168.55742057214977
213.3316668173961
9.957596717526357
-528.5580780752161
-656.7017876554618
-65.42486146799861
-382.9821500239343
-5.51095506504719
-728.9016438659361
123.80644991344103
-314.7230503715119
69.15968187799227
36.96490435840041
-201.0680724170972
-184.74879754765746
102.1466957307323
83.2895724639458
128.65241530807972
324.2062246794476
84.86336925041466
-235.42474536937456
-98.88802448925584
28.648962674672806
-613.1761224560087
-139.51695516680633
-138.87870373210936
-532.6242149865286
88.19939178634318
7.71242521527823
-427.3428731650432
-265.5607697389835
-156.56819646105873
-360.3303861187317
30.89080095274892
-283.16483674261195
-375.01099880002624
-111.24660713581778
-635.3124851833081
-204.44554859604364
-103.25719351067542
238.68720509164362
131.95461128656933
-198.23924820008278
-772.0811832371438
-79.06979346470919
423.23984973711475
-274.1069261754156
-246.02135527063263
-3.046744653183753
-58.228032271965944
-487.44380282465187
-124.85758108725942
-265.6012368709185
64.2692441208373
-414.248335299288
-516.1017709911198
-226.15530548210816
458.91664481302524
-355.78722218823145
-211.37592503066392
-49.12581688259807
-111.64305260675904
-527.8571294989777
-260.74165991672857
-509.093054121526
-304.13589271505333
119.28967391998262
-333.57248114169056
-120.694967980374
-154.1111206091893
49.485742299111735
-316.4731680775313
-524.1981466789181
-243.80555485314608
108.4052756815426
-362.67113824064046
-792.618376418203
-552.126598602488
-220.49892890097408
-50.51930587364992
-83.21511912962299
-199.2918991730519
71.63000852965428
-173.75689437742318
126.75630722701206
489.5378043921906
205.0237530093199
-3959.802982761054
-295.9738770339079
336.4884910544377
-237.64081824266103
52.92044578150405
-386.26943785732226
-84.02812729237466
-506.26999338352977
-564.4085524090261
-62.539489366833706
-766.7123946920004
-137.29499800909625
-58.02981461830418
-202.9687247227818
-5.315968428332868
-497.92394225383794
322.7193624393271
127.28198411970855
-7.879984206888924
136.14960306377242
167.71763330850376
136.92254904041405
-72.16247212188041
192.9865649786576
-206.80391572590983
-156.56894484599798
139.25498020173535
29.58897111917888
-16.922433103983114
189.23409397830304
-477.7895321813009
-418.9144845538146
-102.42899882680338
63.57426066343224
-158.34521665766496
-357.2082363101323
197.80869954332906
-453.8426780760058
-185.04752430031343
46.445079464879186
-205.98402752566588
22.986340977643604
179.07029090920165
374.0478473643652
-334.4105578657035
-53.78608796326508
204.07219175860675
-326.2441804199104
-263.6112592790932
-689.2077411340755
-355.1395124415523
115.14601411816375
-6041.875359304466
-116.6696170544222
-289.02386578730676
-75.68334414047901
-626.0536136575346
-341.916990857723
-107.19140692508789
-299.8245856238603
-309.00780679338334
301.35551981534877
155.72734967383738
-68.50363573583596
-4.443208721262892
-233.59110950578517
398.6902100612192
70.25431828849136
39.18610965624165
-110.7721721128928
-818.7222288344412
489.7815818190366
75.03358580938438
-654.5929762448446
-32.50426374606506
140.88459279612522
-17.173213956242094
-146.33914412245377
208.41587384155955
-13637.564829482179
-194.79141041350474
-126.85187548123122
-71.5962621373126
-191.06532654276796
-368.6512444280735
99.67145826035144
-401.03185647619136
62.35766349689793
48.543894646926546
-17.17502382753962
302.33336735186793
222.2811412572974
-208.02207618355786
6.214501870288254
-7.353139478138091
-257.93104566357925
-8423.049207922437
-230.65820457740267
-121.74310286548314
-215.51628069945588
189.93049664247985
-206.40843330030862
-216.46952504803474
-557.1777090031092
-8.954753356017143
-34.68154793905419
-472.463104452946
-175.00719936058636
551.4888152643929
-332.5934204816987
354.7655887707941
88.23924253289192
-141.11033604631956
-32.446938562015205
-171.78458286573644
-296.8914800091672
-275.24824264128034
-60.321658778965976
277.17248423606327
-301.7735276771939
-360.9469538542496
374.6157989035401
-384.2155678576416
97.16049401569724
-118.65776218657574
-222.8427707912085
-769.4396717964862
-288.1432301613043
-358.2863054533578
-15.865635697850466
-155.91015070311983
-91.66295117756253
-383.7225415315323
384.5280908342996
-345.2991618554771
-75.70466922240279
-94.13392848229573
-140.92285621301
-238.9740073763471
-165.52508533672835
-138.57420644344913
259.7039751941258
-564.0908665762776
-169.91217198607268
-59.29774795315846
372.4857402822008
96.07013417340431
72.80570975605787
165.67696971803778
-553.2421804235598
77.65510291245528
89.24281747838222
-91.64385015917614
-224.08755663653255
44.41546382589416
192.7028576574121
-429.31814197450774
34.0530180602548
107.26101482516306
87.70158033307092
-62.151151415180834
233.01887022373742
49.50862059794923
12.135979394040241
-322.69540338752
-240.85058539710448
-392.1820278828653
-100.7149141316083
-169.81127360455784
-25.81258157364184
-4003.486480163035
-12281.816790655548
103.87621949260209
-557.508254480651
-371.98724416934476
-73.8648946235987
80.99119413868543
-65.77860093362347
105.51322620791674
336.51808394334904
33.5523699260348
-245.21519023054265
-167.65239942785
-236.65855715219158
279.88929796976646
-535.8250605999506
133.14542547446163
-489.5025272385091
-91.20925474620132
-340.90538758683164
-331.9135352529611
141.9837781305853
-56.63521103952889
-129.5363607996384
-144.8704734604974
-195.93870862563426
541.7642703089775
-156.19111017769188
-586.0881573505017
259.84782613900796
463.29456766424687
182.87550012247476
218.55104779660337
-363.0461087021227
213.3444253952722
-201.29878209109694
-418.88036160118094
-283.35228441887125
-287.92824912680044
-60.30923345799029
53.22593369184442
38.667816912968156
224.3338863135181
-240.22566333635407
-252.60418544493078
-122.0770171814689
-164.65316571380703
-259.26636397705187
-209.59155669996562
-120.2340661880831
212.5320637749917
260.73764227201485
150.54961873540637
-176.17538641319155
-120.09885828513768
13.574740992674316
-324.1604457457153
66.89465748863539
-159.83950989458702
152.7015284475328
-306.81406023087175
-423.928488310488
-100.28912582952452
168.79005375874033
-211.3899408109534
-237.49737699784083
320.9430123872731
-133.06854920699232
-403.87126596278216
-335.4959490602359
104.84772902589941
31.420702881094705
-15.25166981500006
-189.2688675866627
-496.975553811223
-176.85852343409033
-262.67573738598065
3.3276161159549558
167.63192871491816
-250.6353389347492
-369.9195065639531
-35.89993208749623
-101.98674223674824
-224.81907835965822
-128.35087561820998
-302.9960480491433
-84.1970403391312
50.742804878266185
-82.74869622342993
79.8880598046613
29.542394568048415
-53.414874172576184
-382.3074842063375
178.2257933405083
-303.4375984651486
507.23499999296155
-485.0883794487447
332.7209255225633
-172.8870281099746
-358.55663920396665
63.50902408959869
-272.3077006425395
182.616308857392
-264.71414198122613
-134.53989500148504
-19.454906639062035
241.9608608239931
93.84456714898388
-324.53189460549254
-248.75074471322054
-9950.028358163381
424.7318239913341
-75.37524904422521
-34.03650894605471
-450.00250736997157
117.00758955981719
181.13672050825417
77.42412799280471
-38.32867894863841
-818.552709843913
35.70879971533074
92.97649838650719
73.0693752425072
7.159348103313341
-255.93296561302725
76.3693709056219
292.5573564383725
-192.1636783587061
94.93280180788499
-140.36547814546603
38.45639737591184
136.92621415099273
-405.85572144293434
-45.25157559400948
218.67138201867598
-218.6134807185925
-498.11632353019195
-63.46968207464583
62.454984413107184
-67.4089976219569
-15.776512053294667
-178.99235166978508
-43.688805943081775
247.75118940975477
-105.77308922089065
-360.45505036627867
-396.8905241243966
112.95982251318121
-513.2410383119054
-415.6367785699497
-23.240332886139676
-240.0370848796379
-439.77113225058827
48.936795992417494
150.48323643227394
-8.013223451477872
-154.3913953418429
-130.88873139480356
-191.2775900585515
18.842536764794538
-259.8699031657917
-167.1980200792409
-162.38485474402722
-87.44955041372049
-903.1950399447654
-315.1453602947153
-8.10403092518248
-113.75125911740884
261.59677486778185
44.459080418823085
-254.9137024107187
-284.36215400930473
181.008404663846
-163.28108286573288
-334.1083845423972
-365.3234152957802
505.894548033176
-426.0019972672777
-187.0469360611024
-80.01839137170774
-472.31573692353845
-372.23401954755616
-324.34331089344334
74.13158027529585
-41.95433742680785
-360.2311655815155
-112.73484927925563
-16.000180193623972
-212.13586812986225
-614.1755231237388
84.96745953045583
49.97451191237171
-383.6115412791331
183.50122585364386
89.84448500315004
428.8221656165461
-53.31122198078625
-433.7663611728383
-146.2514577374877
-66.78618457399999
52.20569548777906
6.442796410922613
-47.58804755591899
135.18113497203623
-13521.172939367032
202.4830738149472
-498.8199314765042
-110.10157878016807
-154.26405406626415
-274.9044267865892
-330.61224692777387
37.08556956384164
-485.6328775380602
-55.46404009640997
195.09235059242658
-130.95598749732127
79.93334206236968
-503.4397865620484
-148.25697000394294
-349.935124640986
162.31259608373983
-339.3742216108401
-100.49165136826167
-237.85377870467408
-385.8726835478363
-242.9785109803805
-219.8599937451469
-46.8929356358666
249.52130447942858
-357.0457139660233
-358.3698671737174
-27.651019456541302
-50.38125513226744
-119.84616672042705
-301.0840089424287
-58.90804428564439
-98.21472487888025
-270.64462605828686
156.8902816027557
-66.23107169192289
-128.73374173091813
-102.99967311612723
-8933.490340360748
127.34266721808669
-148.1293764962168
-231.24846733951247
-705.3959085309641
380.70965132022496
86.38346656522454
-359.55476733001086
-119.71783836538252
235.03054507626712
-773.4353765692588
-11.234315236238267
127.2586716652671
78.39328501762466
27.045294030985787
-331.76587951503257
-307.09036686822134
-406.2052749196206
-289.3799122314097
-176.37061310341736
-8.493753682238971
-94.41333048150469
-54.02172250355498
-484.2017542696144
-220.09321502454804
30.015574117614186
229.02820508026574
-274.77153450650843
-115.77064251320014
-48.2471352742067
-340.35684394623223
-142.440054209589
-244.3978775815072
319.27299360901515
162.76862641742935
42.63274580299482
145.62847329533383
-272.36806163920596
50.024904062919674
-111.0340209242648
-284.7817931699737
2.040900082284371
131.44104152453426
-573.7171493776572
96.80828464918056
282.665796562766
-81.49119076814439
3.4351479937326155
-4.480736107140075
-718.8317369924031
241.98373733800048
15.09983538150368
-140.20294272764986
290.9176521269778
183.70218697069774
-164.5709207132292
-329.5312343891479
34.65652008892932
-73.64547850385713
-108.16207450352864
-134.52882519733768
-202.78211303069753
-51.049035736716725
-6.445570474950119
-86.49095328307074
-327.67298628154555
349.15727358966484
185.571468577609
44.51765028048594
-618.7064178076639
-29.500751167263978
-91.89508188211923
-404.4757256637116
-435.73397368252057
-41.958020040413096
70.84861646305514
-255.22772241134095
-34.307162329182695
-53.78338810427533
-43.66859264857516
11.301368298346794
242.49559015147756
132.33951318532428
210.7039980222682
33.89691281321366
11.326105013039035
-143.6319113989804
-559.4479380938063
-33.47854417212922
-581.952659429168
-211.33929462837855
-80.66350643337213
-353.80581114471954
-23.808345225532136
-88.74195712816325
-605.0198030438555
-419.89415428369085
-79.67976151393239
-64.17256197299386
-538.5415276834444
-199.0104224490959
35.68868405530439
-30.43863261256069
-674.6801569326044
205.3894168561351
-557.6997057319177
-19.248509993210025
-184.2412008299537
137.49559968022396
224.93959392883772
-151.1064633112545
-354.67978183807105
-281.6511035996859
-273.0524456440084
-243.96912575067446
-175.446418885281
-53.97871607743604
-254.00539826805297
-23.562131103929623
305.41084613019746
479.6351915390695
-315.07222670181636
-549.1753076999128
-103.57960306214497
35.7220938247085
432.99488582574645
64.84338783124734
-95.12847849054437
-132.4355675818792
-253.9611557626727
-25.08963490687561
-100.72927509688832
525.1753305541771
15.442418339704567
66.8309348539337
-452.2604745818323
-192.1959144169898
-259.6069907317536
-277.76453989144716
-554.0146015404974
-35.98251014666268
-106.98077468511003
-191.42246008855827
216.49836402841842
384.62749081427006
216.09495791133523
283.9143226940315
-154.13511433238975
79.00346289775953
-223.3166889693485
-91.78606219934247
-545.0467152755787
0.554264001262764
114.71901885806327
-102.97719147994515
211.5280169259718
-32.983745392419536
-266.8538944865079
-461.80811170237473
12.141011775123225
76.29151241208262
-19.869734816431258
-265.1274132153155
-271.0922342847918
-10.661162833641674
-461.71727230446066
85.33305878782953
-93.48046302716307
-426.5913413126538
181.7211518447255
-307.4586144750483
-560.1346946793456
-57.41148629707051
17.385686764656167
199.3495523613266
-294.80376015009347
-431.2061665730665
-251.35157114512631
463.05577591807565
-682.7199532635658
532.2200465166164
-137.6960603178647
28.59810447529736
-313.0457088637794
96.9917145496964
-358.434567022623
-113.62838996584433
-141.047575953204
159.58821482698065
-252.86863785219103
-355.16386289093725
-13426.44586992667
-328.293110604458
353.455918995552
-88.42172323112827
-6744.990236105632
-71.07159009713321
-82.59732197608467
-18.99673908676771
61.211080989423984
-181.36768793356228
83.73902399368045
-462.7794265607679
510.0202446584791
-389.72553194245006
79.18515461235997
164.82072617330013
-424.1261975486192
334.3301917171138
-200.59013919181092
188.3960627878324
-342.6952336315427
-298.30266711523336
-16137.818738844022
-13.501039014465277
-29.010021349687666
-293.1304259959683
-6.85617093676797
34.165792495308594
76.76667347592152
-129.1674912032684
34.66423858509947
-229.06249625848935
-101.66902249930216
95.82106689746982
-23.013691180045907
-15179.745716858331
-52.29254002501283
-43.372963411790714
-329.75139478942657
271.5172839591896
-129.9542733713639
-90.7097045023307
-359.7082071645847
-139.63522046748898
283.9316350023409
202.94744296903747
-114.65974955264858
11.756671366706655
-12.887122141860411
-166.25334181948884
-579.1644869350517
-60.41739075420369
5.640040993011715
-10.477527953835624
-250.207631480337
-154.78683001791578
70.316810603904
-576.8670552047654
-220.80315272721114
-177.1595770843223
-921.6150436772255
-496.1461024579067
176.93596050842177
246.2335422591511
348.6265754569102
-14.400372311941034
-53.88518276377123
-284.11906671693777
-757.8189119295765
-50.65074925732984
-121.30267885196476
-11.810940276332856
-42.48647093605065
-96.1911741622737
-91.80283048138465
-390.1276436501312
-424.2609822900206
220.17886333842674
240.83364380234974
-90.17105730889054
63.14355926998127
182.23843043063584
153.68042441264106
-232.9813390034834
547.1045992210574
-118.17578650247206
-206.47624094733766
183.67238784266897
-374.7829804415581
-241.8567370084364
-240.65219828635313
-339.78842657602155
232.06089122169607
63.040371750326344
-385.5272712117956
-396.4834300401014
-77.7412791014749
-35.1764767404821
-198.97581014391233
43.2341982964073
-56.76703055765527
51.72391594203297
-295.5061389227352
-92.10869005878313
70.80934569258947
328.3860605830919
-457.1379822137508
-60.804206037345836
-314.2457867206242
-114.36040750002333
356.88490188178343
-69.40903033999138
-677.034367998658
271.24809976517196
142.33694968278508
-167.1392745374854
58.25226218951374
-174.6697475591442
350.17294060276885
-377.6252005316234
-155.698907211798
51.15918461697713
-190.6836565763949
-230.75062049241285
-126.05229017646751
75.23431392991269
-108.67989358057413
-392.9032725685084
-201.59055460033701
19.42903324140049
-336.5509229945922
-39.39386019964917
-434.15669997443024
-274.9535128785293
-415.9264257054524
-363.81444281119445
-163.6393788957404
263.408721452826
-143.82003476817317
-478.0134072973467
-152.57284922277987
-70.32386287931386
-106.13850525779594
-378.6130368023732
15.871637228643156
-139.72347483493786
-216.55607789030492
45.468634157993414
-51.766159779820384
-159.31353835257178
500.3306194541656
36.3803805666448
-0.2135513595583034
-248.3402476830401
-333.4290980163005
-336.2149736300405
-14919.667103965634
-106.5288124981631
-368.616175849905
-339.11735471305235
-137.97571530440905
-163.0244424723258
100.87477354218065
-324.37218182370924
-467.55195519629103
-46.459421021895515
-116.72846586491525
-194.6418555255654
-463.9909971097354
-202.61782526075842
-284.8086301902137
175.3371637739699
-289.9184332870885
-608.7039835066681
-480.0298539306493
-444.2428870877462
-354.06336237894334
-187.86121417417206
39.851652432888145
243.08100501899995
115.92537556817354
-270.6746557490613
15.635259841170283
-1040.796390311822
140.7793797319508
-38.02184881208192
135.387922120398
32.54054242075451
-951.3691977004754
39.280498244593815
-235.0038556914382
-347.938290491575
-61.778354134514686
-110.86486363017598
-289.75683913631536
-5.884271523350346
-235.75807140928453
-456.6418151392069
-467.58291543892796
-146.91297915190844
-313.822537489618
133.82011438330295
227.4294579642818
399.1757137099124
-357.0876241166369
-355.9007338503767
6.080791186968817
262.54251520529294
126.1915671469019
-620.4323798374735
57.330006982600814
-287.5133771298944
