-2813.73898001918
-3578.6449107818976
-4555.214937451768
-4454.418738878966
-4449.253083515823
-4500.347149428286
-4171.965715225318
-4168.708236781136
-3987.8587965866736
-4677.894258631632
-4049.7865039818926
-4136.221152908901
-4214.033701866749
-4071.856825268678
-3808.5292201046627
-4258.645340317956
-4195.519125322285
-3886.335138831944
-4053.9769780647935
-3993.196665190465
-4286.3366708139
-5109.427168354321
-5529.76816437898
-5831.219990489557
-6260.751886641111
-6679.369753356085
-6974.263002862687
-6896.984471863299
-6966.109346448742
-6917.889692278131
-6539.47762351717
-6322.309794233734
-6852.118902738611
-6933.40962580677
-7031.702970865491
-7503.336549244995
-7666.645580375328
-7865.396594327227
-7866.493588722913
-7753.750655362202
-7467.483210255779
-7533.108624978731
-7665.578039191725
-7697.891084711021
-8161.358685860225
-8150.789430093329
-8266.252272902831
-8404.853523016965
-8806.88407642188
-8980.882394186232
-9226.29434228147
-9192.299661277397
-8490.365692850311
-7623.413394979887
-7540.444431280145
-6921.548678045718
-7894.5384299038615
-8630.849208135098
-9086.58935560404
-9281.28994570255
-10132.642220471795
-8709.632575302527
-8621.670793083918
-9326.476607670826
-9950.32780693326
-10211.806216674166
-11569.593412258715
-11931.268283486519
-11419.688561882978
-10094.190468314664
-9556.941451102544
-9742.872746116835
-10152.861856168776
-11525.78882037672
-11974.103409358979
-11844.363891038493
-10652.29860916641
-12238.180853143505
-10756.668132978459
-12326.608572796831
-13356.819650963258
-14540.112894965641
-13637.84303472643
-15548.215537591754
-15593.596581957938
-16099.790877335072
-17009.23733675608
-16881.704889661796
-16776.03308018521
-15262.396426195932
-14473.963161998638
-13823.382799172787
-12646.099214755406
-12125.941151670735
-13478.960689335117
-13874.849745287274
-13853.409044945274
-13821.782300072657
-15016.6284721882
-14952.519765429985
-15368.493929271204
-15587.153858870954
-17345.59148048339
-16942.108783221272
-17157.968240382557
-16716.911294386533
-17891.45419249299
-18683.241061552246
-17520.213201738003
-16106.183946191366
-17140.304925555924
-14940.713891977046
-13533.808724212708
-15621.694286893142
-18111.829884486273
-18067.47658270263
-20922.30318623351
-22539.417040617765
-22215.021033068726
-20172.056591954617
-20232.243538859842
-17825.59495092809
-17478.736255786156
-20386.377919449784
-22542.03476912805
-22897.32709781271
-24566.570688786713
-22746.595125522625
-19826.383928938856
-20253.240797682756
-19210.347931384968
-19215.70935976387
-20332.961580217372
-20484.800933290222
-19698.3028214281
-20710.4537994222
-20294.05000420164
-19821.980088275544
-20344.20851788182
-20657.035679825207
-20339.47210643789
-20238.048027191253
-22357.96353848124
-23281.694446579146
-24590.722244690078
-25011.054310187912
-26404.91159354277
-24815.85933914379
-24389.05588024561
-24076.92879474658
-23729.50233745607
-24205.848876217886
-24611.075438494147
-25152.598842765237
-24579.841070638526
-24544.215255680254
-25016.162887195205
-27450.44381036326
-27264.256520349307
-27161.68753504386
-28178.81507881249
-28372.284617745674
-29551.667778180963
-31355.679693559097
-35117.719504902016
-35305.818200976995
-36168.97576693918
-35265.38630648721
-32926.44971137003
-34566.78685128031
-37339.74652304739
-38133.31424244324
-38992.906590706785
-41794.30093032307
-37532.62801241514
-36546.977330553644
-33913.86639935725
-36230.87800200416
-36207.64880267802
-37069.71165893954
-39317.29227795512
-41980.51645043726
-39946.0848503667
-39631.6634098034
-40687.03101027682
-40001.35362525172
-40481.479188275225
-41202.618524218815
-40732.37210786635
-41003.99765615776
-39546.419379378494
-41782.898118222816
-41490.519348452115
-41936.679504342785
-43301.55155440187
-46299.967057926675
-45329.19898903461
-46267.267647989465
-48579.38843634527
-48836.15850830553
-51013.18186722859
-51228.84441215821
-52925.384682078846
-53465.00242550571
-54535.3353409478
-52493.175245968065
-52989.7444259368
-52304.21860089815
-52711.45533035994
-49105.29428519686
-50703.352061258964
-50756.366323142094
-50358.458816678205
-50875.53418043753
-54951.62834106171
-58002.3490459353
-62546.676750311
-63903.74669095948
-64759.11018789547
-64913.13944493068
-61457.746287724854
-58817.05970140632
-57160.533952838676
-57269.248196040506
-57708.36954483321
-59275.93263644211
-58101.025008450044
-60714.012769566354
-58918.82804650314
-60209.78964344202
-58908.40778567168
-62977.99687537686
-63420.41664094984
-69085.3653677984
-68064.64764835621
-70247.62470583894
-68200.87821421251
-68896.99012132984
-67068.71898889221
-66672.77369649397
-66228.86986579974
-68834.03794652026
-68323.36594896937
-70582.74733654877
-71929.69480288462
-71049.53319609039
-68532.64605587629
-67972.68122944166
-63452.004485542326
-64201.1884593389
-65323.67105339105
-66536.08311065624
-71622.86876112575
-74144.2630472275
-75696.30701954999
-77158.36592549225
-77620.54013812469
-76994.00280948555
-77345.35345712706
-76786.23744327095
-77491.7528669895
-78507.07192966524
-78540.27518911936
-78899.57145757723
-79042.70569385195
-79347.64700264337
-77137.37179061711
-74645.99132033311
-74328.43094769467
-74209.52938285473
-71467.00320169353
-73907.92496171314
-71034.2272020075
-69415.53903691971
-69963.70341104874
-71524.14448484805
-69730.16067590732
-73358.84059572557
-76219.91369312986
-75751.40852016484
-75644.17748724621
-77655.9772328106
-77248.19650013217
-76276.41243014074
-75931.69222444185
-77056.17835648236
-75795.7921714044
-79121.83376606193
-79624.4001456765
-82411.03113994861
-83109.15990073653
-85643.02436950419
-86343.76978303734
-88670.31619440664
-89990.20429034601
-94887.75739350554
-95466.23863964854
-91254.26679302634
-91799.3122604411
-91370.86926641995
-88716.69800184452
-89286.57301628849
-91757.51724445049
-91470.66753114521
-95220.7942058637
-92536.41137170588
-88598.20785983044
-87600.9095938986
-86577.6714658393
-84423.55970325679
-89070.44514669478
-94716.6054988231
-100328.11584389835
-99411.721838705
-98184.10949754572
-95948.6357473482
-95051.64577688219
-92480.37142084495
-96157.29270725143
-97378.80384658469
-99601.36417867892
-101261.95068104689
-101185.21985627618
-100900.33675115478
-98156.7505346577
-97643.5854847122
-97035.35203036721
-96364.44998290976
-97138.68252622911
-97217.31012972412
-97468.31694583438
-94820.10215650454
-97466.7092978323
-96083.06975791584
-103987.12824605909
-102073.23969895669
-106326.06968250399
-107429.21091899628
-109133.12304051094
-105290.88359391148
-109268.38383962524
-109499.2129854777
-107590.43531585849
-109281.44605722354
-113369.17000132156
-116694.40129821148
-111357.80716407462
-119238.13428005911
-121747.75930039716
-118656.03301950583
-116427.50651040513
-121244.34746505808
-115949.06266540661
-111421.70033788828
-110934.41432968843
-111375.13308674176
-111828.37175220586
-109364.65362552146
-113175.35613978094
-113137.16218916944
-108292.49070778037
-107346.03748362938
-107535.06072004064
-109384.2476884594
-111866.6144887708
-115385.11709564197
-116668.94371417633
-119552.75626047442
-113704.43129965328
-113059.63114475166
-108754.2651658182
-109559.87911427737
-106835.24355138428
-110035.86419223575
-109327.25306111579
-113460.95084527654
-111878.25037786279
-113696.39802808565
-109543.76420301298
-109692.41645830285
-112919.89790156753
-114225.300938691
-112241.91443448077
-118864.23240925581
-120237.74834906464
-116283.02405687346
-119917.06063752293
-120947.013791079
-119857.77194863884
-124697.59652412956
-129916.61309082434
-133494.57635190012
-135981.35427769498
-138937.2271541335
-132313.25966222727
-133586.38565584173
-126778.94773167183
-127502.55070212703
-134706.3166201392
-142213.00769558846
-147239.66046974622
-154035.21592511324
-159196.5433211671
-149120.86911634362
-150883.64107661872
-146524.3884940853
-151698.89412416445
-153589.8795781519
-160553.2743268309
-165369.2793575643
-165438.67845592217
-158177.51124117963
-157733.6803250576
-155320.4516652131
-150059.36814802588
-154088.54556933366
-157612.23996378845
-152821.695352617
-153937.6195902889
-153250.82319392418
-152006.2610318106
-151226.83476030824
-155920.08977089394
-155077.28735464765
-152302.81393796633
-150804.55575835254
-150478.41334997898
-149557.63283247626
-150672.68834674696
-153378.98826203484
-154420.75110703884
-153687.59186642343
-152471.23786272047
-149791.35079777558
-150202.74787956994
-150485.56304727652
-150109.9713320839
-151442.80297601357
-154948.50707830593
-154661.34744815627
-155487.74622511584
-151775.78406303684
-150558.85813452286
-153980.02500668587
-152111.9811711994
-149092.93466498863
-155209.99063897243
-158637.005814165
-158966.71468798906
-158855.48676919562
-158455.76879447888
-157553.56922618428
-157231.860455313
-155831.9402373578
-155496.3648504672
-159794.80068857598
-158800.31625373027
-159743.1777026845
-159687.81582097744
-172145.1755221816
-173436.9725297473
-177923.4091168445
-179225.86234964392
-175616.08984992595
-174156.115201951
-172673.1497812834
-176231.79129599524
-178227.39972824018
-185807.3635442957
-183081.5948769425
-183469.9365485314
-182205.3109271606
-181300.26141460432
-179330.47534775882
-179123.14890949262
-182333.22780997204
-184230.54341339343
-184837.3221028155
-181856.97794686368
-181024.5207000527
-180198.19053075355
-172135.97863251474
-172380.6176723391
-180631.67800305918
-186268.28468534665
-185119.2457626401
-184132.72589562004
-183716.6989298855
-178230.77798646947
-176664.5310455047
-180146.03596616
-197207.63127819312
-200363.71189217325
-203244.06848629354
-201503.87303994127
-194622.45659858262
-184540.11720524108
-183055.57654097772
-183222.9505150344
-183390.97254052426
-190476.5899005134
-196058.34240965138
-199793.00696993642
-199672.6818574259
-200705.05594422237
-205647.85793527952
-203323.74107005197
-198615.24864761048
-202186.6278983749
-206526.61521106667
-202955.09562425263
-199298.0573820565
-201281.36186015647
-194677.64186209656
-190333.73208889068
-190274.93020929277
-194141.19566750244
-195680.10113239146
-192786.2443896162
-194463.90414528127
-189114.21653731045
-188571.407860597
-180767.87784972665
-192313.41852020338
-188046.24075018647
-187737.7626277317
-187216.1414943445
-190007.97839265325
-184966.4594737796
-180449.7645925067
-187898.21016406734
-188388.63645264597
-192667.47740722608
-193611.00677674764
-202232.21195882387
-201063.3561676257
-201634.36896713523
-206788.07565860913
-210118.2816219666
-210611.3519314428
-218986.3397066046
-215486.3645413852
-215660.4694746364
-211040.08849872602
-212796.36077997525
-199158.0186179232
-204058.48719965338
-198186.3424788074
-200107.12385301426
-197566.5018208351
-200675.19970410696
-193567.21870652455
-192741.18147786148
-196365.60135980818
-195907.96025506934
-198075.44449748434
-201426.39244333855
-206842.3901747135
-196836.14094635093
-197025.28161244327
-193783.17442944273
-192623.01732922136
-194902.7138059788
-201815.67762031328
-204202.324024286
-213480.60481646826
-218811.2889928027
-217587.53761594067
-220440.35279633373
-220331.45688611575
-220175.43968096853
-223497.11752661428
-229563.75508901742
-229150.6291110313
-231348.77056138893
-224670.29223379405
-218883.83744302657
-217335.44243377107
-216322.00944084837
-216248.02953491773
-214326.48481517186
-227475.46644597783
-229555.31728345584
-230770.98567419467
-228603.350566983
-237342.9990986892
-236145.07692739277
-233213.01481919768
-223075.59634735214
-224839.91237951998
-226954.02748740383
-220542.14151076874
-217522.43137379474
-221217.31081888132
-222967.16488422462
-212606.26167701965
-212786.51473662158
-215473.18924425571
-217491.40174341638
-223228.78494914077
-230097.5459110888
-240336.88126459863
-244216.98328284483
-258596.5520501414
-246906.2200615175
-240948.06029072756
-230980.21474188814
-225593.0383007876
-211210.81904642697
-218144.0810513132
-226110.81134796838
-226341.45159663077
-228891.53459873362
-232953.1137662057
-229637.8447111468
-219860.2541283508
-225340.87634769102
-218569.45478852108
-226823.44835258264
-230040.32514803144
-238239.60608394578
-229791.0508060626
-229319.9393826943
-224966.20297619852
-226426.7446928683
-229554.100346355
-231064.20883534226
-238992.0854314532
-243876.63796750197
-242415.069356421
-241858.4367097367
-248587.8858880633
-247274.88510551304
-251698.46427105428
-261931.9874363
-259079.32073602144
-258324.67168288812
-260619.93947188926
-254667.42131817678
-249829.96941549148
-253530.09227627722
-253957.33312505955
-254107.48686684278
-248623.2711503451
-246584.48943914834
-246859.3783058144
-247225.81836369724
-249470.90567706854
-252425.94019406778
-250941.24444740135
-250275.69737380528
-251463.4044121488
-246363.94504416044
-248784.07625138303
-249439.28118879657
-248612.07107574306
-247959.52618885343
-248859.1886740881
-240781.3435266927
-242120.39567519075
-243881.8255946818
-243371.3644870889
-243983.50265406558
-252249.49399179895
-256870.49527359227
-265843.05498394615
-266954.0191985788
-275393.5976137174
-278607.2850271992
-278061.9780978407
-278068.7680305183
-278782.67326922255
-276513.9638040768
-275013.20566342847
-282352.97226640425
-270151.9527254532
-270605.5691564658
-266709.4657928048
-258789.96766013608
-249781.62550567294
-250097.63277229437
-248718.6852618947
-239308.73158186063
-247866.0984444811
-250911.62631462998
-251781.586090959
-242731.6731215119
-250980.3627707273
-249156.36847840738
-242729.16099893942
-240662.74654269684
-244167.84171628737
-244134.42776835922
-250108.5403849371
-248557.41455302076
-245842.40279149084
-249907.09229756438
-250079.6571388521
-239181.98294234992
-246922.5689751805
-257828.82468044362
-257829.8933049558
-255517.86851612746
-265865.4129132896
-263344.7773652942
-266510.1789982891
-262156.6617971142
-265583.06835949526
-252644.95111358762
-253347.7830603873
-251237.9400784693
-259791.8434260912
-262564.8641288165
-276055.34521508665
-275579.3010607256
-268180.3380869987
-270404.1092039702
-271348.02495853876
-269721.44014713
-280779.91953669273
-294853.9599258222
-295539.5611734087
-297099.54932214593
-303682.4492393016
-296677.2749246694
-293961.3955860385
-287794.7526803497
-292846.9660182591
-287696.29916283
-288362.32743794343
-287894.89933042537
-294852.5218466448
-290786.9061224683
-291731.8796987477
-291165.6633107071
-291198.11032593704
-293479.70763778244
-296119.1124844302
-300798.1119441303
-300660.5468403547
-292766.7060453921
-295206.919278837
-290480.4292332462
-279034.89067013335
-276649.0409814396
-280962.88706972904
-267439.24873636634
-258106.52833559987
-261429.448152614
-250560.09486665888
-257860.18078968587
-257574.12270557924
-267961.85669476946
-275270.52559702785
-284424.60950133554
-274689.38498077146
-279518.9150130674
-266621.382137678
-256549.39194207586
-260919.32102386135
-264444.0001753792
-256842.6488125194
-260149.38732989773
-264520.5822394932
-259783.7566192011
-265810.744929948
-280985.6109232886
-288594.60957614717
-293902.83757361106
-289135.99808391975
-281396.9180076502
-275910.1028086365
-275637.8643204907
-269571.8274433431
-280027.65165748686
-288148.1212544187
-286999.99273342546
-279196.7679241915
-272024.71006467275
-263365.2262826173
-259881.05167436294
-263270.9421734137
-278860.53218244563
-286411.99086210236
-290875.72020858753
-290457.2020204273
-298053.3763298732
-293857.723716098
-296995.6764324219
-300564.64651894185
-309056.12081462995
-303273.20105968555
-305076.4542936734
-306398.87343495723
-300905.17095146916
-301207.9909380051
-302843.00115057774
-302019.8286121025
-303622.3734183018
-312999.1026827227
-315696.84418015013
-323289.5558452569
-326072.7935559316
-326391.8840784649
-322626.8998480111
-313764.428166288
-310460.03799145005
-307175.5409184941
-305241.3799234476
-309954.3792772335
-315421.127383417
-309327.62285930413
-310409.6502287421
-317516.03153823136
-313112.7062080983
-309356.01779759757
-311135.40475481655
-311243.53221579466
-305106.01513070345
-308171.4373753926
-304916.0372456849
-309036.1838241409
-310602.35405787104
-316729.8123018808
-324235.770720726
-319788.838716877
-315007.6953788694
-316110.89783074736
-321263.0648538084
-320650.78491018346
-339217.4805970745
-341424.628635944
-351818.0224609304
-341589.32905873726
-327408.0379658291
-315427.61850220617
-313646.59705555445
-301966.9305864512
-300298.4749405699
-305920.1594340935
-304919.9707724592
-308403.0310169113
-300192.1570757542
-290081.71326415776
-290550.51272700017
-296595.8675865932
-287405.53969003947
-295379.33143277117
-298025.6626581175
-298872.9600726291
-301959.713934081
-301614.1742879671
-302253.64968209376
-309195.7514732647
-313380.2605514694
-307509.73312687315
-310896.46714066283
-313213.7244571665
-313424.43271433114
-315977.2162605381
-312536.1802753827
-319369.60901475814
-314327.73810549144
-311426.945836421
-306824.5111077638
-304987.7935659006
-297199.1723124494
-296479.4671703429
-292408.2009146807
-287101.9106658782
-293733.2180057537
-287930.67620209267
-286413.2867850694
-297712.789673889
-305950.1328990342
-304129.9233814573
-317193.3218259757
-316274.74697256985
-312719.4595038003
-305433.19945705344
-302210.95368587965
-293298.0157507096
-297746.85587756167
-297319.6212082326
-299849.8615224497
-300316.0431209058
-311034.90978906414
-311149.09265060595
-311486.2266624761
-311721.9060710875
-320422.6204628767
-315748.3371118965
-317621.18422167154
-319743.98488601577
-313698.5740587251
-306928.90107883775
-301780.2468612655
-306895.8858238554
-301233.17255798593
-310167.3594506405
-315171.2913078799
-326478.76286979305
-322358.81103606767
-328133.74397581257
-325998.3510326179
-324606.56886072573
-318805.3149027552
-319454.1002158962
-321029.5686491913
-325672.90070539113
-315011.8207028724
-315268.46011219063
-313924.8834884013
-311156.79898554116
-305290.5559158344
-316187.7040147547
-314522.5093807157
-308933.7484794477
-305297.92695523857
-300200.7654102877
-300209.82053649926
-299607.2303940067
-303044.8471270244
-302478.5137290086
-311088.6932694153
-308477.90970155946
-311870.8870604001
-314904.3138144274
-323154.1759607712
-325142.79713291745
-325112.4166863782
-329231.441708795
-328528.250003262
-332724.53985869634
-329924.67247789755
-333553.2490561565
-325337.46068485966
-327262.65423532866
-318381.95370768954
-321604.15054659225
-328540.91751258576
-331709.6557325333
-332832.1585809449
-326854.5257281323
-326090.82210728823
-315282.7594784608
-320947.08458326786
-319308.7207794521
-328158.65360850707
-326260.80759175704
-327197.6891496743
-328930.6407270625
-324570.09206336935
-320736.99013370316
-320501.6746086158
-320388.81778941746
-322684.3660965453
-318901.51892388344
-322982.1180545734
-315194.40682945785
-316294.0791108425
-308672.35895376635
-313148.6194289854
-302123.8696293744
-303809.3401263089
-301854.13215535553
-300276.489489548
-292463.6146387439
-302301.4755194688
-317070.55285142566
-317325.6031504776
-317744.2417450082
-340525.96290423296
-348873.06585667544
-343635.9209355101
-346997.9547693988
-336798.435183656
-329557.4125725128
-324114.9119979938
-324453.7802300454
-325192.5572472005
-337884.4891777197
-337072.7242742358
-330966.64872677135
-327267.45107413654
-316784.9994785454
-313713.96106422634
-323566.3544161508
-327664.6097835991
-322661.9927726313
-329484.44098400645
-332718.51127364195
-321460.5346420094
-319936.5225906696
-325927.8781076318
-327633.4837209964
-332548.34808365325
-332793.5639549748
