-45.67429173664206
-43.51262480175415
-71.1681084583798
-90.74152799590959
-81.98836348012665
-68.93554440826604
-89.01607783220012
-127.6767033636661
-140.96654998555235
-165.77127287912023
-200.43207314734875
-174.9095145889631
-107.57313856904379
-104.63287487674339
-76.96759924098781
-45.07433346257087
-67.64183844426026
-37.15519202487407
-9.903747477045197
-47.04366343442515
-76.29557751009263
-94.92779752832027
-129.82533894613945
-145.1707085689536
-112.02019488114684
-135.86091069691935
-87.9244634412859
-148.70133012950353
-136.84206986140907
-136.51234175245472
-68.88360556128485
-99.97663054663117
-52.74343526831353
-89.41217284535887
-88.46847972222673
-140.34997581700358
-142.48841381097225
-143.8979832123475
-121.01790753652254
-159.94919300657241
-94.12252831583434
-112.46129091645176
-81.550759141571
-127.60243015624837
-60.27810737006702
-93.91351734147932
-75.39823306982014
-93.46768632509253
-52.87927871213663
-81.0403385061919
-74.30389425164468
-87.33201063477433
-101.56076599816927
-112.24738522435567
-143.20487519878066
-122.92619367918117
-99.38768296608269
-98.13105912747523
-63.52959535308421
-31.93818268425113
-76.80063952698632
-63.92113275704545
-32.965943869970516
-68.14234043437746
-61.38002612136818
-18.381000706080265
-12.842245369879159
-23.5656558020224
-2.1514958894514455
-10.224400531202441
-36.31828443622037
-56.01850464097665
-49.41994175394423
-87.98237076300298
-104.51928321962598
-114.02476434027447
-169.8843549390525
-212.14570233702136
-215.54806358797055
-226.54834008471192
-236.4054345147097
-222.04975868824485
-233.13477958249712
-279.01751480321377
-294.25982836596006
-264.81634917167037
-251.63745731369661
-247.67788622362824
-183.45184344274568
-184.56597660592456
-246.58393256666216
-237.96871670273129
-226.58282984942522
-229.32935699809732
-144.05009497750066
-79.46907909393802
-83.98466540609672
-87.80398588065773
-54.58670149363667
-101.52736760732508
-112.99490888282497
-92.36839706199474
-135.50001560227832
-138.59372595879304
-138.29256121759127
-90.1910779303632
-140.05071571106586
-49.62234933068056
-41.12717744599103
-57.17201732775507
-118.88306681997477
-35.509117599525936
-32.683139482335235
-14.34563729239937
4.687850567431905
58.61028392704633
-8.904004292975046
-45.33952368361537
-65.34021421029676
-69.22417563210601
-114.10024051555021
-94.79103218809716
-103.51366393920208
-139.68905491909032
-113.08248183063729
-170.64766543028466
-195.9840786316595
-198.79748127491516
-240.41796005370776
-235.78228490621362
-206.9466776217274
-228.83672343393596
-219.77240556888776
-180.95685596974096
-228.02412587949945
-192.04259723311216
-150.04957585803004
-163.0282631466463
-169.42558516206333
-162.5000865124183
-157.66260650322505
-159.5940897417515
-179.1874662610548
-188.74388767516476
-155.38962553623782
-151.22127329768915
-145.43358075422145
-115.5837117365902
-119.49968805664737
-106.03649030184317
-177.24055090730758
-185.03767395233623
-205.297218831306
-192.46685500570052
-276.47814826751426
-235.90366621378945
-208.77873746529852
-185.8762868902287
-185.43397168424852
-166.4248592299479
-169.663959654233
-220.66597482072402
-237.090807292477
-263.9577351782171
-235.9483967909462
-221.25633548236624
-211.99621395153366
-236.53740457393513
-222.60734684590832
-247.22946422046272
-262.32695956325676
-283.2941301992068
-251.62398546377463
-229.60669505264406
-224.94536986220965
-189.1295115723077
-133.2383077501042
-141.4721987046405
-96.37904890952893
-87.03064200481874
-51.575519384686345
62.97506531967637
143.83819575615072
68.57234190612186
44.12894537482492
86.07538214031004
-59.360342386660285
-89.78100383222345
-106.0950392595899
-63.705889311283244
-232.25758619887677
-297.6111330321498
-320.70312006181734
-396.79171142875293
-407.4450855720973
-317.7970498190522
-245.50908428180327
-234.0643800941031
-105.47020233708038
-100.46249898652525
-63.400139238922705
-24.382391135744122
3.9107231626769305
62.20255100575505
112.03835706510198
72.14946581678417
66.48722607094265
-2.1034776869937986
-66.96079331789414
-66.49430708562988
-46.14401843741803
-42.290268470995336
-14.457456133878175
2.4313167912676903
-43.58171190147482
-69.98530589067127
-53.8859671371882
-72.02703966065638
-73.85654431685583
-70.92120379588626
-65.01392404638271
-114.73828103913183
-73.780221814623
-98.72250661950301
-78.89854629254843
-87.14107923669694
24.67799509623879
-51.493132369877756
-21.053544457397596
15.163625698795034
-27.26415742518141
-154.7959787538731
-225.7554154075475
-286.02610030320494
-303.8113358312935
-329.12204040013324
-299.733711955199
-219.69693688584528
-163.8057032256306
-312.0456287807703
-289.86948629949313
-287.9738442736263
-290.133988240937
-336.7988807715179
-151.31705407694116
-51.78818597062909
-44.0506317327787
15.02564364774079
30.10898310526042
-49.524228166199656
-66.61883444326885
-45.08088536485334
-66.34667804317931
-183.37290190891053
-66.05447823671287
-65.09862473253426
-203.85444191275153
-188.20086023938597
3.720504086727317
-97.67045506832844
-141.94500105469606
30.656768962584774
-119.31205982128142
-186.4472604632074
-208.38299276820524
-193.434416371177
-273.33065644804253
-190.591223800578
-131.69865006580676
-186.53464626479882
-159.7438611379567
-111.82201690001779
-41.52677277991103
-0.9943909616077136
123.66820858509004
69.5922606489989
61.12638209367123
63.09075896355155
-48.96212363953791
-194.16346030174293
-198.6906859805119
-224.28220692766618
-265.9148351719297
-176.34252671071792
-116.87910496003408
-114.04136905416053
-201.12829028168574
-159.81598481299798
-204.7383937293048
-257.94932795983226
-249.6568628223426
-159.56526274371697
-224.29299616885325
-235.57404490180053
-123.43357550463296
-116.65420284177958
-101.79964883218642
-69.63788130899397
-110.7988189900693
-183.49631602490376
-167.33858057143306
-180.97893005889463
-206.9767190211861
-219.78781379020262
-195.90513321588938
-260.6839150316245
-275.94628977765933
-239.32313667953568
-211.70230006692745
-211.28097144695076
-192.06650390768328
-228.33165305245535
-207.7732277547103
-194.38670373709255
-181.97365463863898
-201.0895169126846
-163.69588823162164
-229.58259346314696
-213.54149716700357
-214.03569262795023
-165.47575556424576
-179.00692462990656
-143.0521093261568
-155.62601677036605
-152.72059759097985
-138.64833517889133
-124.83596810083645
-103.59050062412246
-89.25619147011716
-54.12079811836337
-25.447347336638316
41.670481004183785
44.69384055875474
73.60539327593031
72.23992993692589
39.35001795387909
6.544075003229842
24.263357804469415
47.27290875346078
22.806937953407115
47.94631159729331
69.0690635693676
77.72628687080295
26.75548505628437
79.97666640540908
83.06778691294797
64.0427798267234
-18.03661691739478
-53.77650371377951
-178.81668333510007
-208.86139028101158
-245.2508408807312
-185.87427651795556
-315.17513952273464
-413.25267881694947
-372.3344520921073
-449.873848267326
-519.1087807864665
-356.4107796269863
-163.69859592846143
-197.6295600137065
-65.02526387599295
76.67580174654582
98.15925465647251
32.91797778262689
12.543218083781582
-55.89113858824008
-143.44566385700963
-168.13587861522785
-92.46375547422699
-73.52602373998567
-44.43616325878761
-92.36633229605422
-140.76929857363518
-139.00162804241046
-135.73592209898754
-143.40134330967496
-104.1943604844081
-76.99939515894273
-114.71943854545566
-134.63061837308825
-121.50538941611647
-107.2805278707789
-80.03605775112553
-34.137669966234704
40.81076162862434
47.27745927690911
104.69557750272546
76.37909268997956
32.04303388004362
-68.3376325630513
-119.60793683374025
-174.33866860439275
-123.43372544780448
-107.9392032797699
-68.88948861382076
-59.34897145573147
-97.80796185311956
-132.86855202778224
-173.53274855313725
-207.76527913072255
-201.63845780344485
-175.1644339520753
-160.5061138182886
-140.93296391726142
-107.06313741581984
-100.37990335846501
-100.35286177787593
-87.88083027683399
-92.40492743137199
-61.042549639676125
-57.77537433595522
-47.462040239116675
-66.03604482656205
-65.09036416669127
-98.52712083032326
-87.44630086722056
-116.01785146922225
-147.6582704798799
-157.41348717055638
-163.96937184604997
-169.7942295874426
-194.6154312372991
-174.58654988266608
-141.61129287936922
-118.04791700097077
-129.18975076109592
-90.26499138034102
-98.16610202222395
-156.98539007563903
-153.26953288944802
-145.6280728484048
-167.58071020406237
-155.0562532074911
-109.70109214779423
-130.76396381833484
-145.5154660139772
-121.05857335066935
-120.7202144469655
-130.3796360972925
-99.83372667428961
-71.41965024704393
-29.771863162469685
-1.354495462317046
4.801937770993957
-22.458965033449292
-20.17553710661192
-96.84066876057389
-117.47629982208062
-118.68506572136161
-110.20288561473659
-130.51397991888288
-80.4434363091316
-53.01447934331483
-95.5842787380265
-50.43085524438311
-68.79627801863342
-85.087280935652
-101.68006708138415
1.1736452119223841
-16.580703129759247
-28.54425365461252
-51.386423596959624
-159.97936499841754
-123.42517236494932
-157.26913560359117
-99.1700584717036
-139.4204110030538
-3.5349703618200294
-52.253991058436036
-21.69411565103004
-22.552549651546784
-96.26259014633509
-112.52234811523238
-130.15439253958178
-131.0253430896413
-121.92773767925094
-9.403788833073754
-1.2716745950155204
-27.76373323250806
-80.81034395275073
-63.255653211836396
-40.14215571832415
-47.72475042426616
-12.44274863387652
15.176491674202484
-12.86038380617641
5.637553060463095
-45.77642255843779
-85.60346959988767
-87.48391065115462
-65.94259864973128
-69.84923941166896
-29.281845678609383
-52.63851180131506
-48.682336575002246
-91.01858727222995
-98.6914055920167
-167.6271132546135
-159.30789190259134
-174.61213041402635
-169.48306679267304
-175.58196488646445
-108.13902139043667
-128.66718938442938
-133.33918087369958
-98.8356314819631
-104.83507461955934
-101.78965273262696
-84.66051482506796
-82.12426991470713
-130.16714712490094
-93.14568069637626
-143.51701663923905
-146.07834158671864
-152.37756625656337
-131.61195832759716
-160.85882433125371
-171.91391575703844
-140.09511792622675
-130.3683988009031
-143.12413872202094
-108.75396398755865
-96.70763241075935
-151.9592570275838
-164.57577628161513
-166.98634285089975
-242.69983584314383
-264.7817784201561
-235.11834297810066
-228.00687544393384
-232.76004608300772
-181.94204744886983
-147.47882960922425
-194.71663815892998
-231.3299967942724
-231.42609598236362
-223.81328519338365
-257.2580530901763
-205.3582190365162
-143.6895928965523
-148.61128012221303
-167.3388380013498
-78.29911297895552
-45.75724074063006
-60.51132551472854
-33.27072006820411
11.816602296924215
80.58754351414228
59.93039673551068
-8.8687546862337
-22.93247805428321
-54.258611969713215
-129.58190599546666
-117.63110231712487
-40.395439593741
15.891078948163786
-123.01778860894234
-92.96231294350869
-194.0148585209941
-206.5175647658439
-264.40660257350396
-167.12138345891572
-273.74044760745994
-166.55934739939076
-241.66560715096918
-221.90560435699834
-127.90624888119518
-87.97499699510465
-134.1374510307298
-72.96661626866103
-91.52520225016762
-200.53069729685015
-206.44671339782354
-235.57621759713476
-219.7188071252438
-237.63816886539
-196.974604672476
-213.46309326811445
-189.5602476949758
-178.8405045484968
-164.2880227704518
-164.93136348199147
-143.4654222032476
-105.02362734552649
-105.72129124480665
-96.67225062600222
-126.92225096766512
-111.57409890746177
-125.68683999192956
-169.73951417713346
-114.39222451249691
-67.42163706239573
-81.38677655145048
-82.34376619889989
-135.29707497921433
-141.20659785614814
-157.58625881700692
-178.0892039387258
-298.56845102169314
-115.34428676567633
-123.53612689624879
-165.8212050630076
-143.51507926818158
44.57021145326466
-186.25879412463212
-205.78235048492468
-108.41966268586907
-68.79743800926765
-110.39448821832391
-22.06058880747866
-81.23179913387527
-135.77559891804898
-209.33023836785586
-250.01341979473648
-185.35899462817778
-142.82358735083443
-124.53586640042514
-98.39525947798236
-107.13977986220851
-99.43791430223787
-104.78060706681748
-148.9305694674082
-140.34932244620904
-105.98010649614078
-126.29560556136964
-130.5582575424069
-124.48352615740664
-115.5854923454312
-121.0873139323349
-98.24838053002989
-40.634675029045326
-46.22871184058508
-21.96763633733655
-29.023191880444493
-94.5060996750382
-123.22361431764809
-42.46179368490004
-59.39782594735142
-17.829364832662336
32.12172454217727
15.41530637209151
-10.185872334068815
-4.150968105629387
-35.50798604501411
-40.469358331200226
-21.1511531012706
-49.8787712455471
-63.319866793476294
-59.989032764257836
-80.93657536156243
-100.55744962595892
-65.5855570626431
-65.97740999405733
-78.9452979144329
-72.9368788112546
-96.89239422929833
-114.03350539442754
-100.59352378864614
-96.25929954455457
-134.88813176139615
-116.90997628170463
-128.53540114103123
-118.34275698994402
-123.3708142601851
-63.73636723732878
-59.53711648730463
-53.472118622161794
-76.31199733056567
-62.37735341179307
-42.30747988572924
-74.97400799157359
-66.06520631588302
-62.88553528443139
-63.2276498060638
-75.13709943900548
-45.87143406211605
-60.6775649471708
-71.08175153201711
-55.56865043965934
-55.563703096720886
-62.51020627113821
-66.75743872604852
-52.292283354772984
-85.54407945375199
-130.07715938203552
-117.48347838891387
-162.3298448120562
-160.39580502273677
-151.67178291203314
-153.76295180857693
-221.60908137864067
-166.78387145248323
-174.85671480197556
-200.4519664807922
-195.89502314839189
-104.77845548059284
-94.93022970031852
-118.78672524201437
-114.62653107804451
-115.56016721492985
-126.54760602463273
-157.30811966811132
-155.1412005024141
-150.0757360238415
-139.56130805938787
-206.6475624283601
-226.12954298230653
-246.21594334051076
-260.89178402873887
-265.7597751435442
-205.61956199141719
-200.0904209250906
-150.1923580170748
-116.03150055628878
-100.36419196549653
-152.5828940903726
-117.40411627157035
-133.4076106632134
-111.63022420892285
-93.7693372700454
-17.78621436343265
-21.189608226733192
-26.960801130680036
-84.89745104815628
-88.35428978214492
-121.46882236777205
-122.4220844433201
-92.84648725900334
-28.688069135682063
-33.38173781104908
-51.675065675069376
-83.61750604776317
-142.2588976939935
-163.79064630566072
-161.27555267825113
-144.23252473187517
-130.59561860323612
-93.25817693813462
-102.31531560525852
-114.03959514726913
-104.92633686651223
-97.46886771527852
-63.45270882253867
-90.893346308404
-90.32977717692934
-83.8662638835968
-52.9283882168663
-45.78527702480555
-21.717377526924885
-17.87428010218096
-18.651645817732305
-72.13327751528644
-117.74858473019138
-94.7249440791777
-64.95252658163662
-62.32972446643895
-61.98442821220047
-93.53137162586656
-98.09180654761954
-137.86451080959114
-163.46828339662062
-129.13889335899015
-108.32536703074018
-130.34941611651575
-167.32673723197033
-164.29462364350002
-157.08082829748153
-120.19877041584189
-121.24863754908151
-118.71766668409053
-115.26885368133686
-154.056870650948
-183.09608657976815
-177.59022080851724
-142.67564968996027
-147.11806879444143
-91.1281336703567
-128.17519686722366
-89.07657094279182
-136.71730343585466
-131.9037693654506
-165.83290545115085
-71.30612071299886
-141.27819119337636
-140.62405036703922
-337.04061285377963
-374.48971978403046
-335.71617895031613
-302.8267960261036
-450.27220132476947
-245.34427886428682
-196.20512113861216
-270.6956527550761
-240.76909191096567
-58.564451620824784
-27.60232880266205
-103.63874971959869
2.164647029450677
-88.02267555692414
-35.91210704773968
-19.69576661181575
-11.965120809386008
-47.10313139765907
-9.276052847531247
12.566128787563237
-88.93706317340533
-63.772357086728164
-301.35476611542003
-263.93694607995087
-307.4181629074548
-297.50520138034
-239.21590214464692
-61.66637296031613
-43.612830462238776
-63.64432443295492
1.9146084832586405
-42.52665658108563
-69.69361958000779
-65.88274089569813
-44.651980891053626
-214.69685489056195
-179.34286364386662
-167.68365182636433
-252.7981441637436
-193.8919491358965
-56.77077752768088
-64.45421042314445
-127.72125917370325
-89.69802430931573
-87.21515410068548
-20.634810832605197
-25.424819842668775
48.86815586358949
74.21777552871522
-15.819219835650742
-81.09969513188231
-70.25122337219334
-71.47454944693231
-70.99263060932735
-87.78348854149701
-94.04986784265608
-67.90302757103453
-97.38664793105418
-139.4517728857293
-124.84216200652637
-131.49245751745255
-178.5848630719118
-182.77222983939424
-171.63584334214238
-170.0853084355527
-135.35772138343154
-113.10571450250734
-137.38654891699514
-135.98836424891948
-112.23713359011069
-133.61759489811544
-125.20274640062776
-76.87622724445033
-64.48840269679036
-72.71881894160131
-61.00658196585834
-72.23044684714704
-78.84511617832786
-70.04093031866798
-69.71457568416916
-44.537565035522945
5.496173987159505
51.344222388078656
15.182003560176845
24.5649845098919
-11.69888464459878
-89.44181892019348
-83.44342623418788
-47.58754758566171
-87.30766447528592
-111.80294683206215
-85.51123567645112
-138.55439542372747
-115.2059319214917
-86.2264058424537
-62.25074004311705
-62.79545882955553
-53.522071998909404
-105.92530837775715
-77.8866473958264
-65.08527964942347
-39.19224064072189
-46.237983834832946
-24.864559817807105
-19.349530338570673
-23.807395872356377
-47.67000915105357
-45.74981181631526
-90.17723114868348
-127.21118178720604
-123.6698440082701
-124.03381998597777
-125.13787872468143
-74.50539650326601
-23.16592506670432
-44.32384610782057
-18.79158760191954
-40.46063716757557
-46.18360007611408
-91.46407572271616
-89.17600225757869
-90.594617772086
-93.79739957553613
-122.00788564277079
-130.4052579680192
-129.99074757572788
-161.95856321523814
-158.73277104361705
-152.90075786520188
-163.160384037156
-199.7452975860062
-185.88809090982116
-188.6346879361409
-203.30727959177932
-206.1279042044229
-211.58060816774338
-236.42971190696161
-238.87198501356994
-212.6452893914987
-208.57242683272324
-166.3241081150403
-147.661004911755
-128.7888966867283
-122.56417239184985
-85.17199868500549
-82.6021238074371
-111.84856680963532
-81.52713892647743
-69.34108822368532
-104.37812333992831
23.632695517892387
74.21998720928234
65.08355010577199
25.768732525128044
-9.054379407617702
-176.36349802445892
-359.0004981561483
-380.26355038386924
-404.31873601724226
-405.4563873565926
-365.8085356914663
-223.05250016757108
-181.57178295950234
-172.72298415426317
-198.40990425091093
-180.10664539440822
-170.8474500729261
-229.95077588647533
-217.06146769555238
-164.07464170844588
-211.74448354210952
-227.93824575407112
-246.99356130637574
-236.4767857872789
-291.9591915212571
-323.84604290076356
-355.1192599916076
-334.7078161690243
-285.2691330277246
-231.80886205640846
-119.7752095252245
-103.09746819924808
-62.398173396179615
-112.94852646865944
-42.24695070745552
-73.03639558350662
8.176119990385253
11.557176506302099
21.317130908700555
1.017354611229158
-38.3790467646421
-135.0442892870367
-153.90806859809055
-143.260973140622
-209.06844061680385
-163.24452378318628
-140.80847996672819
-219.78117216766665
-230.28793202372594
-201.71916002684458
-263.3068132200981
-189.3911760615806
-123.03647898782344
-115.9945173665069
-158.0294463594526
-166.44508563160431
-191.99295027087115
-190.93027359111733
-140.05418920095897
-82.00742537758003
0.6387227890154819
-58.08011087435717
-34.16912160002675
-59.40743502940713
