-7865.775836779638
-7100.686348838291
-6348.478473304631
-5799.014286720306
-5640.273169958966
-5662.16979609601
-4933.0701853229975
-5400.699478755825
-4310.495621458508
-3760.3263614183024
-3384.7339321198797
-3520.762395957852
-2806.518208862889
-3420.569424196143
-3873.92293501884
-3496.803956515331
-3385.950997918638
-3408.136068116181
-3107.1372150949737
-2739.500667436906
-3078.1701517068777
-3393.4265868875445
-3703.826093426594
-3497.3995259672847
-3636.5447621488856
-3354.549010341815
-3090.8196006320873
-2839.686210652205
-2947.949538006902
-2693.4536035651145
-2715.7729706384875
-2593.7340323946923
-2400.5593517097514
-2415.5717926861507
-2159.6421518343936
-2043.934030906758
-1852.4982797813266
-2127.635855171571
-1965.3356369790533
-2150.984844025865
-1977.4748974099452
-2209.0119759207364
-2233.455433810692
-2334.0058221780223
-2224.2976458277662
-2422.270175639759
-2158.280818257272
-1881.1664700552553
-1840.3952926545005
-2106.4753356282936
-2395.214659565304
-2318.0323242408617
-2526.2512532853752
-2371.578953833481
-1960.428067635806
-1501.2200301409148
-1681.2360918565262
-1301.7353097182706
-1337.0565257722315
-1382.7349592271198
-1128.251330996987
-932.9485060995999
-1036.9783063458754
-968.2955569048631
-845.9663036759723
-944.1560386190984
-937.3149618738831
-1015.5944464796275
-916.3307230575604
-987.1807250865011
-1027.0387873065579
-1122.5918673115782
-1256.6097071364604
-1369.8386113757902
-1378.4678488554246
-1374.9644083246003
-1225.130959298755
-1103.6058275176495
-997.7378266880746
-971.8392441669891
-923.5129020569731
-893.719498948949
-804.1915207231065
-740.3156631509892
-665.0639567614712
-645.4700583153083
-761.1990167096857
-716.960024718151
-700.2505690707936
-594.0594504685605
-577.0114220511617
-554.4252174888691
-664.5896654723672
-573.8467973751567
-670.3082267149467
-640.1963882546307
-704.8434142930006
-578.5945595863827
-681.969833499564
-659.984852322344
-655.8303304502839
-485.89003143697556
-513.0904032793528
-361.22481177295265
-243.87546737542598
-39.146411122376094
-179.0026708212253
-56.997943991835264
-152.6957207438429
-279.5565559635893
-595.673018855724
-391.7641802462607
-344.47372912603754
-112.27311627666549
123.66628373035022
447.10095543886325
627.0676196854458
585.7714138036504
571.2172738501645
475.10329303829707
465.50984971365244
297.56310388852717
600.2069187599589
259.30530640084885
250.98173430056778
225.66586289795976
132.42525970543795
-209.83990259448487
-107.31282854667325
-59.045057277496
-690.2242463816879
-718.8650182173199
-508.7801810807716
-276.62241561229416
1.0479683574563978
873.7245573482423
803.3067332307687
774.7894190828499
861.6398176899309
637.3226330552334
462.143816729651
648.3258645079604
790.3991873602199
834.4797790744584
944.7331295123781
940.001984767703
1035.3242119748552
885.8307576757097
769.7173301564767
811.5757197875052
844.272898290289
738.4434220592777
760.0326186719653
704.0662505675505
523.0259577011022
368.13936608698447
456.12469564975896
480.5169213159603
562.213615147611
579.7395485683896
687.3801929223415
886.8226336948549
899.2026705595481
693.2820443459904
857.6722698534103
1095.1574079765464
918.1939656495168
1208.5756443622668
1327.030959766967
1217.4744187870924
948.6592693063237
1242.0338451669688
1150.04962426862
1241.2827672432306
1083.838121485605
1337.2188399601087
943.5828847610304
394.3301960255035
226.75148545151336
520.1895978361334
449.43058276853674
549.4231389209601
963.003463047849
1371.6872849303286
1463.8304291632705
1755.6244007571017
2169.7544789356457
2319.2363915832375
2235.043008251235
2380.0973617983914
1929.2136064897388
1561.3394116764441
1191.457272412699
1039.0062007238917
555.1211134360536
622.7324333845827
247.99374973204036
404.4551913671544
337.6810679155585
495.8455144666092
543.9398737957454
789.6635592871859
598.7614153164692
420.0371151187117
466.4511108614909
337.87203763417233
536.8676596502171
793.496556631053
1244.9633658571083
1279.9278904133018
1487.6573607769906
1496.347277074932
1372.1796034301967
1339.1012239463705
1424.9949737385177
1507.976958866066
1659.3872997171331
1999.7578355482565
2208.5118878382364
2264.119061815143
2180.936083101836
2204.6557301420544
2084.6842405613447
2137.912110961661
2126.090813412457
2248.4058680145795
2339.193039175337
2261.7732576404856
1865.914725482172
1671.5086283294254
1742.7771799279851
1699.9705549370265
1799.535211081039
1938.7606175352869
2025.3542521386476
1720.9105932995908
1549.442651137651
1428.7825305807762
1353.0396613987646
1416.6192626005766
1617.5933566382016
1598.3083047708328
1794.649411032049
2048.268600002344
2165.344661442627
2219.9713409358565
2365.7267274044275
2349.1134889876575
2177.14766528916
2222.103470936044
2238.5209939832607
2271.102758171346
2268.696062215545
2428.418352279079
2380.8569353812236
2381.668749789314
2344.5395047396114
2402.977812970115
2331.7761445675487
2360.209799599634
2517.8221547837093
2706.178198660307
2742.141252894239
2829.6770623757584
2764.929595405847
2772.1478881939115
2740.139762891794
2787.0383760822697
2760.371719762699
2802.50198705658
2611.756134384492
2613.1547333029107
2547.4433105315484
2611.5084846096447
2640.815917885365
2720.253078705054
2655.439122411129
2635.345215708437
2584.493753583727
2579.711934154131
2490.296415803332
2607.180555465691
2676.7761111941263
2678.4152685998065
2676.09247834114
2862.2328245726662
2730.267224045454
2713.8990399623126
2789.4716154217667
2781.618811265872
2792.056170990583
2813.373862445288
2698.9024620523496
2683.7286828434967
2724.1781988224297
2745.4564748561697
2841.7190791719936
2831.851331648571
2622.122601995214
2583.964890829925
2380.7792903262807
2399.979564428572
2452.7737458968277
2563.628889868707
2611.380456624042
2789.5043288306797
2637.0263150961255
2477.7982329239635
2549.9701080718346
2478.5002273852488
2174.0511397797463
2193.8041220476616
2352.2917603001774
2365.7401950045646
2498.685493500402
2679.5204875080044
2683.4595589500013
2802.089335819042
2804.9644038671495
2761.6238192292585
2922.8804987208455
2927.426813340112
2926.7374276174464
2944.5950481844766
2956.467606532702
2835.7638600683113
2860.3402297985594
2922.427005497066
2904.07275965767
2877.870460348436
2989.0894624188522
3004.9754452015613
2822.3125499538096
2917.5155966326465
2915.874078919444
2821.9782480451877
2919.444548837627
3106.034543745818
2951.948542397172
3052.548545960892
3060.8928109062463
3047.0081441350435
2955.901586096923
3007.365483425444
2891.519904900788
2764.2030662123575
2850.6929599706073
2914.610177639245
3046.5395536307096
3009.836228797548
3155.2932804729107
3007.425193319788
2946.6108919118683
2668.5633333413452
2859.2097704662965
2996.9128573733115
3073.076894718393
3050.8351929384035
3333.6582713079715
3124.474132101118
3011.3285936560897
2956.383228067204
2976.6727045762655
2929.6830843394796
3067.025598613522
3155.619236439167
3154.7933757478813
3191.4139288176802
3144.7456947105748
3111.681477404192
3010.5117444595667
3108.730834142333
3148.1204658895767
3184.50484710307
3222.8789217107224
3322.72197123114
3317.111279272265
3310.079427253667
3387.15990308495
3362.8869181252553
3380.316001152059
3202.6980657400804
3162.882531574135
3006.944062040013
3126.3494859179277
3055.928723793981
3189.1926135909002
3286.4430882626802
3456.9176192646905
3459.087178836068
3460.8106048335717
3456.146792750261
3517.287770215186
3539.1760411524106
3418.110756272867
3571.0825903900263
3697.5154495874517
3657.582898568887
3468.5565997558165
3397.355438075322
3287.0397594858528
3292.9517280744794
3258.2160173355715
3393.0722333961166
3514.107418141223
3496.490726273274
3431.484812286741
3398.8646493162014
3386.12907309618
3358.8075755315213
3254.8031290071817
3172.5137021217265
3232.8338986570097
3268.5381752218204
3253.1475430398245
3286.9281475592093
3396.186264020165
3286.6429154466505
3151.8349422219353
3076.021201357409
2994.5174192632885
2953.496675935357
3011.809879412878
3085.259589756195
3137.9889627101693
3379.6564962069697
3413.514926725348
3423.520366372538
3481.9599111446705
3659.0141852265306
3520.7159855597997
3452.0234165082275
3337.432362567673
3225.603714051294
3148.2547808401114
3267.831649532466
3245.565237613285
3436.135056368871
3464.455062179773
3389.26841028305
3242.4042372697577
3252.786457365164
3183.964459827423
3284.4357110334877
3412.1385014749403
3513.832271195
3572.995267900926
3594.7158196073738
3545.282456922015
3486.757123311686
3512.4115200774986
3535.1174558552702
3595.589838922061
3597.9569946938404
3610.4735699454345
3590.675210570147
3639.772434321969
3549.274340524086
3547.8560753934444
3512.9969652341033
3570.6441867755657
3511.7853719037553
3634.564067938513
3581.616235459249
3426.2356415575205
3440.0428839932747
3493.1989174331625
3437.6616555716323
3492.474947399276
3720.916644199147
3714.778828822091
3649.4661768271544
3672.101912891338
3772.4668067006314
3801.5996132247187
3777.490985325987
3751.0171111747118
3698.943928853073
3699.062451241949
3669.920693289787
3535.5354726947744
3603.4189837266517
3602.4828887776575
3514.6565322939146
3490.7256671759314
3629.906893146946
3559.009651657172
3577.2229589399635
3557.003091608437
3583.452508880509
3519.2135826874805
3546.8947426808095
3523.185129013793
3485.490111101235
3469.0481269812135
3505.4289031879525
3496.076005749268
3571.8526398450686
3673.852231323242
3675.30978481611
3730.100137285826
3660.5264109018603
3690.8143123293053
3529.5115221218616
3337.9074152133926
3175.015684819973
3166.7716511601975
2988.719897414345
2945.0093206542347
2965.786352475771
2732.585549826703
2751.059121720784
2873.3083153469906
3159.4486070184794
3444.37131979032
3875.203353575994
3968.4591569372765
4052.369787244337
4095.5278921877807
4043.717317044573
4099.571575167443
4217.600235803197
4150.314409278682
4026.3060901262297
3823.7956564853203
3528.3393397554746
3161.4630181981424
2994.0040639556337
2981.729422367544
3182.795574149377
3220.3687145772656
3531.695167478563
3636.028827767904
3523.3690372928177
3616.008451877182
3800.869189330142
3757.712204110765
3789.045704083313
3952.528235540957
3873.9680408838876
3839.0144379935946
3865.599283481155
3868.3571552611634
3815.985735582625
3774.49013648718
3758.3860559212544
3739.214287598442
3780.057488623726
3809.34578811997
3862.13862565172
3871.5921854066564
3880.641786054912
3858.381486202226
3799.251523896728
3805.455476150498
3796.862325456205
3823.1737832668105
3865.1476711770524
3926.295344943557
3934.749329472383
3924.302949850169
3874.8681486946075
3828.4656140272955
3772.1875957283128
3757.759028613384
3676.3165306648166
3703.4778731680462
3757.814834274328
3743.9556858401556
3752.639009695775
3809.7620137721574
3831.518453744612
3806.289962283784
3825.100999493175
3718.6120253198824
3729.176283291046
3658.29353933247
3648.5975913308785
3740.869906743049
3770.438648656983
3809.214228489979
3738.9368332797676
3761.4308993387644
3734.099652375241
3779.4828540930184
3785.2862428514077
3931.955196586659
3907.98240750509
3891.052356230441
3869.703930775675
3937.5502245706866
3838.0692694957365
3789.3993785955117
3799.8025100282
3791.385154700086
3735.796954241569
3766.0871873578344
3793.381022369399
3761.973353709778
3774.1950945745316
3828.1597205182834
3925.2867663705347
3969.493527992525
3964.1644682659266
4040.469673374043
3731.520540299814
3733.036612047248
3649.4769019595415
3541.5265711987895
3468.7669776683606
3717.173839946327
3693.225836270803
3784.9297678839325
3979.613242102666
3961.4040877102098
3858.7961257814513
3875.8638461077185
3846.6892244049486
3792.443452808106
3793.622087975078
3847.635139973148
3789.944881028734
3785.437084077743
3846.1679494018126
3899.493653063164
3975.7254908096693
4000.7411650258396
4069.40496445117
4040.3708016384035
3953.4267308879457
4012.8595294712677
3972.617969740113
3939.6688085665874
3923.9733011715193
3972.0235377811314
3853.2570092497012
3903.3423467544603
3863.446213536176
3821.958885548275
3826.7718873135072
3831.337452619072
3808.8123411282563
3811.1125794357013
3808.5143456888554
3770.4679695745754
3841.9196212947445
3769.8801325992667
3703.606339499899
3739.3439311327375
3790.8115413238193
3720.4096217455062
3764.4029949578303
3867.595424728155
3874.7838980173997
3841.6459633092068
3899.8298321611637
3886.9524558646585
3865.2166947985806
3891.192230608316
3852.389766115737
3864.1211708450105
3929.70279173586
3922.015323953078
3888.6374924745746
3899.266496836061
3905.9220391734243
3876.6317728295808
3757.938097716923
3719.63711062164
3722.651180834524
3654.603932586175
3624.750527854125
3785.8852817402867
3782.9510597993935
3800.8511948597043
3752.5884205333427
3787.2024793030387
3699.4744149426465
3743.7517962971933
3726.878546113493
3824.4588715136288
3831.9058043931363
3856.894066982409
3821.4705695279713
3829.9809069001108
3790.94806720525
3717.3957975806725
3689.356133158613
3707.548754718314
3726.670890813108
3776.950446643994
3851.3427639035845
3891.345763903609
3906.314805074352
3950.964174542469
3940.8313871285472
3955.3618478227804
3994.09075398188
4037.503994848053
4047.6282508643058
4041.9982521030593
4047.6672612794137
4052.123629734615
4075.5440118889505
4050.143804371901
4005.2064091793577
4043.4320186270734
4022.6794639184495
4015.1198451743367
4017.697816974312
4068.0336734035504
4016.292000202388
3941.8500106751007
3792.7632338546755
3771.497679122591
3696.3807332727847
3629.4971372707228
3642.435149946148
3777.325491939528
3668.3233710802992
3681.1003737029655
3778.172118593759
3692.384719983282
3572.2465163777188
3619.253065859573
3624.2950497694574
3543.157327222274
3643.1954875834285
3718.915954986428
3753.608993984701
3671.7180272310334
3594.0496650311475
3515.985515051705
3374.8797335690956
3481.8000067451594
3427.2251557965214
3582.312060504721
3718.946359438325
3875.1318731974916
3825.001791883873
3996.216330085113
3855.663295814571
3808.020343528641
3750.417755365815
3705.574696453873
3722.49499277324
3851.88015871729
3932.434629228227
3920.977740927068
4031.178012932205
4015.3936510801236
3995.2077852579264
3880.500305453668
3939.816908653832
3936.0267338810127
3893.135108098458
3907.5463106803686
3997.8299438907784
4063.086801514268
3924.3709417582204
3947.796358577527
3883.247241291434
3835.0109224558178
3702.634063907052
3821.7803707491844
3926.3357964953057
3979.6655588269646
4011.1640618319757
4057.312916458046
4103.9214017172535
3887.1507134371227
3885.7089915406746
3730.3112164996746
3781.2721936483863
3552.051349145243
3701.7026452399286
3678.184711400175
3858.4429415119866
3754.8250568558396
3929.072941470538
3810.0239334991293
3834.237504576177
3755.4637259044116
3924.940128910695
3959.8522268315246
4163.04525020444
4256.762910817062
4345.699323598744
4122.029601527105
4001.496629596857
3870.7576013904472
3760.5146674651337
3806.3690169610645
3916.862543428392
3898.7544897103307
3989.6118916758014
4025.4286773078443
3909.0851264817866
3998.1480526397304
4033.5465405159075
4005.423727311557
4029.870626324913
4036.0914111208217
3976.4440971762697
3970.5617607297263
3961.27978166665
3916.8285725720607
3972.9200620568918
3951.297704896497
3916.977350236482
3949.58776260744
3928.6999031004157
3881.8066469069554
3904.4806534244003
4016.663944010072
3972.7753024444264
4035.7374251041474
4058.593515234138
4026.3161992478
4002.2602097485264
4058.680205070466
4060.4560484556946
4092.852212916257
4159.197595361633
4155.64996053793
4103.176724755305
4086.7090492949415
4107.301852315714
4143.05660179378
4129.495962912657
4169.157839422879
4180.564534479816
4101.536150714994
4026.1358473454784
4059.1362060628294
4067.9854417490756
4059.2692059063907
4112.50437087428
4140.6554994226635
4106.497427730173
4085.042458722176
4066.3831062648615
4074.8996744580804
4082.0889231656793
4116.811520553751
4159.855615841704
4194.625948689969
4212.305412493774
4185.18491018024
4149.533485474771
4101.366928771566
4079.695024333292
4071.017399108206
4080.038802581161
4093.8895359713674
4114.580930428153
4111.293701197941
4104.049636864597
4141.9443366218775
4149.665325542877
4112.789231378266
4100.381326103279
4124.025101650022
4048.9696561274313
3998.5550488848166
4019.195378989129
3979.520968866049
3951.645430275073
3974.184985831133
3967.0166440226362
3919.321364129186
3890.0173269578195
3788.108690223804
3694.333122721825
3563.7456506651656
3449.850893780116
3462.7454628307314
3445.1920701937347
3454.1339228125908
3601.2837905644433
3647.4628239794783
3615.8950148688373
3558.0438827941325
3636.0500449686792
3673.636927247336
3760.118977335218
3794.177763806194
3961.1461827151493
3931.7762615405486
3885.5207679033183
3914.1731014831535
4014.3432222758665
4000.387297195708
4044.984538374806
4057.008964274044
4024.655249122981
3989.9104520060105
4009.529469127863
4001.0869645890825
4020.2504140681845
4087.2395050297646
4103.834871650792
4113.675936659109
4153.519973428123
4220.948656298397
4149.444028441429
4195.83988559985
4203.355478818003
4218.226807966965
4181.471324566102
4227.653613624107
4192.737702162618
4232.158966680725
4187.8057351507105
4180.957336809357
4179.3182086778115
4171.85433898183
4120.34961612832
4172.586689700854
4195.56720725785
4185.012311937799
4175.259790613527
4175.249709042175
4104.236950897377
4106.934718808048
4066.1103178187627
4119.93777994319
4048.545188632744
4065.44116453038
3988.8002384446627
4051.03000741827
4030.9194242094154
4065.5110274416675
4111.860583142945
4161.559360571778
4024.999066545864
3945.5098027566037
4024.9177577829328
3791.0737787549133
3749.247151897172
3851.1845586802883
3867.7034623079503
3841.8578369125344
4092.4712772192674
4064.3243533826553
3973.461188731441
3981.7858682772876
3969.3900832118525
3939.3474432098574
4004.7956982590467
4105.4859744131845
4150.23265223712
4103.537494694706
4039.908922360438
4087.408828306815
4099.934655988718
4123.112121269252
4165.780823791663
4185.526728906053
4143.804228708967
4135.164804680416
4064.1132045993863
4082.368471112892
4133.536022580788
4139.194263922247
4100.893722967161
3967.0915437307426
4028.9109135278513
3999.342478175672
4007.653860786516
4069.1455199354505
4252.215538109153
4186.381594534864
4154.931125914289
4120.934234411756
4107.924486654211
4065.931955449905
4056.224507721142
4118.00835351649
4120.208500444172
4134.631721436678
4103.387148892766
4112.1736727032585
4062.9589191215227
4089.951816006365
4059.1229104545873
4107.44247323494
4080.007889012269
4101.558354833021
4079.6949863422533
4094.9109654075173
4049.747356267247
4062.1814135071013
4081.4972409082466
4056.0787223829393
4010.8704529153647
