-4555.214937451768
-4454.418738878966
-4996.009028215145
-5047.1030941276085
-5421.131886350444
-5417.8744079062635
-5237.0249677118
-5380.304485057436
-4752.196730407697
-4136.221152908901
-4214.033701866749
-4992.588786158741
-4235.204968608685
-4735.5069271684015
-5275.875308847421
-5008.666010170202
-4390.9039686969545
-5091.254952384038
-5338.446311216752
-5703.375170890762
-6092.634263306501
-6277.859691635559
-6059.375437115267
-6173.211161468086
-6034.987887964448
-5901.026918876096
-5471.58611361669
-6040.260212497343
-5892.763222573651
-5479.659811258146
-5549.523434905477
-5878.915801649607
-5502.166946157538
-5398.348496233362
-5939.469796375465
-6033.102738030006
-5868.23908022966
-5563.8743653990205
-5333.204543668018
-4760.089481039424
-5404.974880896633
-5554.5247877610345
-6478.673050965048
-6660.519377225812
-7819.3881847754765
-7575.802882661731
-7483.7662513073265
-7198.895266317696
-7554.269976759878
-6348.540648859192
-5800.832359701677
-6309.349922949586
-6510.461779388279
-6210.791308203178
-7398.991364636508
-7629.087192088501
-7577.674243211819
-7819.938696913134
-8531.41097630969
-8417.193778545223
-9052.739422591378
-9518.05846576688
-9727.222768527245
-10925.530145389184
-10903.939794473166
-11454.401697857904
-12329.055325333657
-11787.699021820996
-11078.976767541382
-11024.294047142188
-11247.362356159587
-12094.492542084232
-13323.988025578292
-12725.16070923967
-12978.737795142546
-13303.915835910757
-12670.525691671239
-12302.150449225632
-12909.126473453918
-13505.52880241878
-13565.073275074115
-14814.557924931374
-14666.38945873256
-15154.244401159454
-16210.160567255727
-15449.06282449978
-14071.694283722192
-13423.56304405783
-14158.364707729357
-12215.183500248968
-11461.194452436433
-11155.771394965734
-11992.305533706527
-10129.141962104051
-10694.799299380848
-11435.148079918217
-11106.03774932434
-11318.86280231234
-11141.441085333447
-11680.489164787678
-11683.155912299793
-11767.283618748048
-11834.781735044653
-12657.926811547382
-12103.820858188723
-12752.45884990937
-12979.791390972441
-11617.37714433763
-10672.8577494407
-12268.518450491305
-11408.302356946066
-12081.663759881647
-14473.16863373815
-18845.54684765695
-18805.60065214428
-19721.99323988735
-19746.75218206322
-17804.304799677455
-14757.48975606781
-13262.400728253882
-12172.75224981843
-13152.268136939214
-15196.23817949147
-15014.676978708547
-14519.417540686653
-17333.12114772236
-17724.301058017125
-17509.236313724436
-20157.476703918765
-21933.015908132682
-20259.314363935595
-20109.185894512535
-20143.64276264912
-18469.89465891276
-17700.59228131287
-18601.243534506953
-17235.54616066999
-16443.08047564033
-15541.281008791811
-14899.281926573072
-15066.048066481846
-17664.46258113067
-18962.70513772932
-20495.59130565327
-23251.42548542015
-23404.45862092865
-20488.498301250514
-18920.633713441333
-21273.177089410423
-20246.674956827916
-20758.6998043797
-22888.936797426668
-25159.80284827863
-22479.773569482182
-23412.793475681836
-23779.0274297155
-26674.181757529484
-28792.97607260521
-30407.755874314204
-30532.366913150385
-29927.276725787062
-27823.660609937313
-26450.75323353882
-25053.95003025104
-26349.551334427488
-28257.01738460663
-27537.26689663382
-26121.681862098107
-28378.060865968706
-28731.04933013165
-30320.774660770392
-30735.22238074809
-34686.74917812005
-34202.13225116579
-33005.90252029524
-28945.414954705106
-28964.4984133621
-25204.317777864544
-23724.816122344942
-22364.71067137455
-24811.636006640107
-25367.89619909681
-24933.313488290165
-28525.512661895365
-30060.58730529679
-28881.67144600096
-27012.15596977006
-26914.400794185978
-26238.35723122656
-27734.872127803494
-30818.784322493666
-33020.357255910305
-35804.19835486173
-33964.987796450885
-34421.52105510263
-35345.78886017227
-36603.280189640296
-37713.57257547958
-40301.240616674186
-40381.31625344682
-38184.36773056656
-38653.48432080056
-37503.98710494056
-40202.10115361697
-39370.88738455997
-40017.539664925076
-40741.48935072582
-42986.90894655313
-38369.25916406951
-40584.11431505049
-39249.165788966755
-35577.76708701545
-35595.05093732276
-42630.295516784165
-42718.0735848699
-43382.76294675141
-45631.72065815862
-47919.19649123965
-44519.06978078069
-48517.13771123311
-50747.676086276086
-56286.5272450487
-58011.3918008112
-57376.6103288897
-53728.47339585065
-54177.22219461793
-51395.354334631724
-48528.866591749545
-46652.9265331622
-42950.27185348682
-47816.224271597064
-45283.534382856655
-48607.69293590882
-48004.42249043573
-53225.23047638162
-51540.29012796839
-50597.13309601993
-47397.801644931555
-51834.827764907044
-51415.261953441375
-47706.77872797474
-47837.83616405929
-51531.44481547696
-53529.52268670066
-50736.27996492178
-51946.14472361514
-51809.415156480914
-50693.70230740864
-44609.03634462109
-46602.30231952814
-45632.746670869325
-47296.23169878585
-44909.51918120065
-49041.0085316702
-48099.09950841573
-48695.3725812467
-47745.412965240226
-47124.786273074824
-46369.349058406835
-47511.22441127729
-48844.96216658848
-55582.38883957296
-56558.66236417822
-57489.81072179888
-58783.178631896866
-57343.4505138765
-53526.587235616964
-54341.17463416897
-54827.47052863879
-54705.98347187359
-55969.44304536248
-55792.38754375067
-57044.54604127233
-56484.10838840633
-56506.41925526117
-57060.69625062326
-56641.10376583741
-58075.73772723721
-57656.12512015268
-57467.523567493336
-56089.39063005513
-61917.83047230432
-55548.154207661915
-56481.27492225473
-57294.461706107
-57089.4545156502
-49212.29522808154
-51184.9025178013
-51201.072143520025
-52991.24280152477
-54834.835936080926
-62948.1680128571
-67138.80130901068
-68431.5468037499
-68481.79936840545
-66244.85091170833
-63371.558355281944
-59801.091128519896
-61034.84030795226
-57131.496205410745
-62583.15471281996
-66916.63249681263
-69748.13234271176
-68510.6386350368
-70468.35126553892
-68811.71345737643
-65238.630164578455
-69591.8836782806
-72769.22177486957
-74518.98950322805
-73675.26457139885
-72122.68816472565
-63323.088365327225
-61638.04729096021
-64636.408120444736
-68178.88828502927
-71754.33822310124
-77046.03272029161
-73909.09283412588
-71110.36048959261
-65022.797682814446
-63270.30413422031
-63465.22786035476
-64399.9035397874
-64830.05635021133
-68146.54679877477
-68564.57308140866
-71029.73445349348
-72966.40319368677
-76276.25917709438
-75874.26672859237
-76151.41821716343
-74335.99729035785
-73476.61062126204
-77315.72652826505
-80235.41561450138
-81011.10008454573
-82176.4803182475
-87760.04006934323
-83388.60923604423
-90038.9811592181
-92726.37973302987
-93384.86717429827
-96008.66262230875
-96653.98458997879
-91331.94499505717
-90950.23390065608
-94587.77061401198
-91366.25014743948
-95087.57016138901
-96554.1924705251
-97363.495305393
-97425.4365815835
-94166.27584501263
-90563.15884883041
-87759.84994151119
-87282.44500379756
-83388.06558104733
-86178.39710545502
-91872.16096280851
-97660.16268359844
-98629.73741405737
-100630.03453017969
-102507.02163699536
-101540.56214271186
-92635.78323237863
-88456.01458322376
-89622.13368131671
-88261.7380817036
-90454.06334518536
-101623.13393474827
-106798.84121288972
-104042.47655436136
-106374.79828213721
-100413.53124443072
-94694.82023074204
-90789.7004402717
-94582.4376820712
-95970.51861007369
-97986.398545155
-99218.38865234418
-106566.13711932584
-106613.7852032424
-104406.23847187374
-100022.46873272967
-100696.98305729787
-97669.73379221467
-97810.73911124973
-99656.24742570022
-101290.1282269676
-102457.96628893726
-100668.95307543382
-99211.10049626054
-99527.60507477098
-103688.20285067079
-105654.69864008737
-109792.40296417892
-114615.06589415974
-115381.00498806279
-117782.64412800057
-113858.46738131196
-120895.79273107625
-125182.20591128246
-127881.72499314169
-129640.2676277123
-141696.28281234158
-141910.45936110144
-142468.15335908212
-142784.76407418193
-142564.3125663994
-140366.15370102052
-133364.2298372145
-129198.03080869929
-129851.98391212866
-130908.67014566984
-127200.19130888794
-131337.1831095784
-126853.89034127849
-124547.59528828826
-124668.84151208405
-124896.63381270887
-124718.45378204901
-130966.7440152894
-136668.0733631501
-129628.25665038837
-133500.17012203194
-138388.04316690733
-133541.23287172522
-130016.06110720926
-136532.17917749708
-133489.58630989413
-122350.70159276696
-127198.97018303754
-121885.7499373164
-119642.42489109104
-119107.25235339117
-119234.1235378613
-120654.19657715564
-127763.41070851334
-132849.81118636706
-137214.6465951344
-137188.7595189429
-138214.4965193735
-131132.27669363964
-124750.63223257037
-124721.90314754065
-125283.83307730718
-121339.95453038788
-125333.1657254996
-128613.39897455787
-123067.90817466221
-121005.75381688269
-118966.2774719995
-119378.69669115891
-118028.86282330083
-118249.43759696827
-119323.47231921963
-120438.25519932099
-117604.02098109518
-117239.47729262212
-112544.15670189416
-120694.42428220983
-120216.6506435
-129177.99474257231
-129162.12770591919
-136313.5900757587
-139488.45670097292
-144422.58277749777
-141770.9675958097
-144648.5652111771
-146253.66048646453
-143999.81521140152
-144728.03245046965
-146956.03834555947
-149205.0295244362
-152102.19192409204
-149179.0734401939
-148780.7514951901
-147911.04344424186
-151298.54408649888
-144185.2745983506
-149259.05861514268
-149518.65928751833
-148840.6101150432
-144299.76609712403
-145232.89099920716
-140981.94371809025
-138627.08090512943
-136734.1583846315
-132654.42902463416
-133532.8711182765
-132873.8074578304
-140886.6123053615
-138023.09367893098
-145219.69052767425
-146000.41652826458
-148946.47623206745
-143504.4106546859
-147953.55667752656
-146034.32767710587
-149512.81892124837
-146951.3252797187
-145882.80020392127
-149256.21338196367
-145858.6638174853
-140629.23874895286
-144587.51450439775
-152632.73236078676
-143713.61971646314
-149367.23597687448
-161242.38858513845
-155355.56698276187
-149653.73785055528
-148608.62350228784
-143694.47394351225
-145847.39950177958
-143808.91851797767
-146204.03219585435
-154559.48451470232
-165716.10128310035
-158263.33863626188
-167257.77903440467
-166188.76289242538
-167394.38133149192
-167780.36735328197
-162858.93615637108
-164213.9305663198
-168603.0108259602
-169664.19832384755
-169672.13230231008
-173475.18350216778
-168745.5595175141
-165235.46771119576
-165351.24484271673
-159139.36081494146
-162249.9990173892
-170328.59594246288
-164564.25022799175
-166188.51264304033
-163610.26601892873
-161210.9351220159
-156155.00054042554
-157718.39213103426
-154215.96991453282
-154458.82578149473
-148545.66955896217
-142321.74725141167
-145009.57041127267
-148356.80170941405
-142994.23680484845
-142879.97784215602
-149491.38717916128
-148228.06376646544
-150513.6799910369
-160075.02552490027
-166800.56130711737
-166043.54093900794
-160637.03276367605
-157316.6423387089
-156161.1926292682
-153211.6315590646
-157812.08944109204
-160059.28544326575
-160836.39081056864
-169109.47873249577
-165585.881555841
-161755.2917941745
-170280.76247695484
-167716.70301084867
-161567.2402696258
-168487.24462268053
-172126.16628218116
-166072.26480870176
-158975.8487109628
-156611.05540560183
-147233.10306916243
-144431.82755549456
-149273.98090944134
-157571.91541899287
-157351.5019020694
-167033.5542293464
-159995.64332246664
-168297.65461624495
-158539.73618709831
-149774.39024678367
-160366.57676241192
-176521.21076040552
-167873.96059180464
-173418.07572579736
-186835.0308862853
-182409.93026039866
-177121.73766270207
-178970.4069855249
-192099.41801752598
-190497.62648139815
-194775.0708825721
-195277.1661406256
-200500.6611444957
-196961.7678972542
-196788.18804616263
-178791.76096744646
-176024.1986449105
-170785.706690466
-160250.31168829728
-154589.4742269834
-164386.9650946111
-165557.58590322704
-175149.31032592003
-182944.83129591984
-191577.9127968895
-184925.09574943184
-185714.7357889705
-173984.94424435857
-177737.5564128242
-176747.41197603464
-191823.1451796218
-193538.3571181615
-194760.2632572918
-191286.42617698142
-200398.00132172665
-195208.35250425013
-196840.26857556152
-204112.6803494398
-206849.41049172246
-193535.06803376376
-194095.01400792695
-192058.58710678844
-190992.4241730876
-191026.96982643128
-202942.6656760727
-203735.9888111974
-206743.7991286752
-201073.8489076608
-198327.9946919292
-196348.76548228593
-207136.4802603351
-210751.90393819922
-211939.17304562154
-220181.34022724806
-227756.105055577
-222400.1830220262
-220923.89098822454
-229773.98067031943
-231147.66959938442
-224704.31884022386
-217577.98295159123
-216691.78527414764
-210971.91318352462
-208618.31753680814
-205828.03060256565
-204068.4413432487
-204641.79505701465
-205933.01161034958
-199615.26721984122
-199115.0812031082
-203011.35540594917
-201722.5751126855
-192797.25186605277
-206301.9335907948
-201221.50990582976
-211185.4766438884
-202727.2210281273
-219320.57966814173
-201659.4647878186
-201118.61925455544
-201581.55962840855
-205124.5806906761
-217644.30567115592
-228228.82384854736
-216305.02534029656
-210877.92915142982
-215924.29886205672
-189966.272110713
-186271.2158604456
-184156.69631479096
-182118.16026831884
-183099.65723201493
-198469.51452838094
-213431.71328098222
-243684.49197384424
-234924.01181882987
-228195.34265728455
-220269.18669640788
-207606.23725504678
-194771.99275949216
-199347.56254864574
-202839.9982452983
-202339.59700609578
-202470.48850133346
-202378.64254273375
-205343.80880036397
-216914.1913326649
-217151.72871786007
-217243.30013692216
-221262.12046108668
-221278.52339783197
-207109.51649229595
-215856.26674499692
-220148.02987888362
-223445.4242894252
-229521.66464611632
-232946.09036118782
-222100.61507764988
-216940.309760009
-213552.79502902844
-215290.22984377996
-218148.1825804288
-220233.3446848879
-220372.50032403498
-218970.32260895314
-209747.9065366525
-200936.5830439965
-196458.2489579599
-202291.20334439242
-200983.980248978
-210285.246135313
-218270.35740651996
-214830.94342220522
-205219.0804692374
-205515.64482174927
-197751.91284110583
-198018.18201444624
-206474.1308192294
-206998.9999364193
-209076.12348844967
-202922.26330362048
-203747.7829611803
-204434.27477880986
-209806.63173928313
-211736.858175093
-219693.74705218585
-227075.4026250319
-226981.73702166518
-224925.0866234025
-227526.1574300142
-224545.80695961107
-218789.87522608554
-220068.9145287961
-215862.37889070445
-214176.48855570314
-210681.47864871097
-207254.45411602836
-203355.7337451716
-207848.78630344823
-203109.2801710018
-206757.44600933563
-210295.06934020153
-212260.40901850496
-206561.92517019733
-214774.36416379735
-215107.30973064527
-216189.7219793212
-203924.5460794112
-202252.5487866361
-195637.3284551687
-197724.40891542603
-187210.37813234582
-208544.7314763964
-219257.69256762302
-230830.98830681297
-230292.0195229105
-244621.0712428226
-228546.97407369624
-225760.52008202128
-210275.4743006016
-215329.44317163457
-212184.49881137785
-224545.93965551746
-217920.4624229066
-222377.29258144414
-214369.41177800024
-209166.72492807594
-201452.0597671947
-206275.08060918044
-214011.51685941342
-212859.23240906908
-213961.26670383912
-216475.25617101335
-218736.34781794774
-211594.80735854304
-212288.17211358098
-205366.25494998932
-201191.67022551387
-203080.56174422952
-205385.16644166593
-217312.6248435173
-228016.28959340212
-235319.77403274542
-238323.29244511318
-240112.51270947777
-229110.77258116976
-229679.54929691483
-223268.39813499406
-215766.07958363288
-216795.07573523288
-222284.54337923627
-214807.77252873342
-229333.6950518241
-229110.1038407191
-227762.96617169597
-227828.0629968681
-232716.37888580264
-218024.18416197706
-231440.20334898704
-229812.70124987763
-220378.53959794054
-221596.0763809393
-225180.50664853942
-227111.8120245884
-230854.8765649069
-238792.0143815529
-242235.54418271797
-239149.63919246316
-231560.72084789042
-229009.22025500573
-231301.2947239482
-229405.41236239226
-235615.4962690962
-236487.3991033793
-236764.6993610567
-235896.2506138205
-228525.49474205656
-229582.5774229403
-219444.14514267462
-220705.78588891865
-222375.7443960047
-229357.34081146913
-237567.63122160442
-249233.1911740314
-241682.85156929103
-240070.48465575773
-241997.40565667258
-238579.17864869424
-235413.7436290508
-241028.59825300722
-241122.14101963918
-239011.16746771376
-235977.33779189846
-241885.8942706911
-244673.31330875718
-239430.6563996221
-237525.21925646442
-239177.33577902228
-239603.72028363514
-248869.07672558856
-253057.2229716856
-253354.1113575417
-255512.52091911196
-261220.7557461636
-252853.2108514375
-264724.1221693429
-273345.8361450008
-273030.56141236983
-265619.51653344213
-267357.0847685371
-254700.11022599487
-259853.6247670111
-253739.5436545102
-250468.74330350145
-250583.1664447464
-250848.99444560325
-240821.12340509592
-250570.65844752654
-241764.18533828584
-227898.2288347566
-232192.79277911558
-231541.71097583804
-213425.07143797996
-224256.3426529392
-234768.0595790233
-227272.42467509877
-233756.9960898605
-245283.89080242562
-243513.19397642955
-242604.02181471785
-250453.38976633045
-245734.35256589972
-237054.46839551427
-240830.2260262057
-250249.29634821828
-251068.44748003525
-253135.37462342018
-263663.146578526
-269307.1107959049
-255847.89565178775
-247299.8809335141
-244583.19255048985
-240724.86329501314
-228525.01082632475
-230849.79254674283
-237138.70351639806
-240379.49843094536
-229984.0176310681
-233385.5551742149
-232041.37024756215
-232327.14907780546
-227022.55761953307
-238326.4166706549
-225149.4715351415
-234783.46104624058
-226170.89948495058
-226502.71027660076
-230955.75964337075
-242278.61567140697
-235912.62370081875
-243941.28665880035
-246536.86027918643
-246910.94240157778
-245088.5189831774
-247180.48743669776
-242679.23013392967
-249367.78271437183
-241778.69218480214
-253719.50624522203
-253360.59256626957
-260536.39636461658
-256397.02561855334
-262318.2628650152
-256176.60940601423
-258592.98583759117
-260280.34391830576
-254679.52884865107
-253636.36906444677
-262021.00328855254
-264287.0516975985
-263614.0648558191
-271446.537145345
-268974.001154926
-262069.0253471345
-259112.256813546
-261110.1273187659
-253158.06944771536
-255897.70115702803
-254051.41989276026
-253571.0420521079
-249980.19988339345
-249956.39576738913
-247261.61844778957
-244529.95991370903
-246832.69294031043
-246634.13416971808
-248314.76596996552
-253747.7228600817
-252413.4464755052
-248642.57096877188
-243327.48753229738
-241411.41205289992
-238201.25177286213
-247298.01181442052
-243808.1085976869
-249536.3018234223
-258083.70636792932
-263911.0841987877
-253996.2748507825
-267120.6888479517
-267830.07772900065
-264216.3652033589
-259100.43698088205
-262354.7378876494
-255415.17114549375
-257823.841354645
-267958.55172911857
-268328.1503087221
-265830.82321011915
-262489.0592296913
-264087.8553434929
-263087.409644003
-269547.474912839
-265355.1161244086
-263101.58231082757
-259093.01817376903
-248734.9471419432
-240243.24992734997
-245189.8183121426
-246158.0515496464
-253994.4398170786
-247510.14981487743
-250740.8276170662
-251291.49312750425
-252865.0300589453
-233429.2873897791
-240831.69327501464
-237635.59782528397
-231419.6871626784
-228355.4206006969
-242023.54333369885
-234719.81002100662
-238079.32363578863
-245888.99327691167
-234420.293101836
-229623.02940286833
-228915.895591577
-213823.5255502894
-207764.1626295501
-215477.68109171576
-199184.92188613434
