-3365.205472578403
-4014.8376920243736
-5211.422877996172
-5029.275308280835
-5342.705824109909
-5241.8604088288075
-5558.8850881566295
-5379.069364251496
-5034.8481849790405
-4624.834083147749
-4482.801281418977
-4223.155914771923
-4165.662911686202
-4007.1405070683954
-3684.8865288981324
-3433.4569810823527
-3132.8777496237476
-2448.811792621398
-2851.3062662685957
-2934.955467801174
-2983.056856561343
-3105.1997644725616
-3275.473229938917
-2727.888202076176
-2330.202464876076
-2044.5845717137545
-1808.6722617219848
-1578.51959064208
-1195.7257256791736
-1445.7224450926296
-1292.0420416347506
-1551.4121609409472
-1741.4792659199245
-1993.904536201531
-1866.431916419944
-2197.5820909463546
-2020.446848141702
-1782.6505735794758
-1871.483756721282
-1812.3719389630169
-1415.598829420182
-1445.3135838388298
-1637.8496884956814
-1388.9545194103694
-1399.1629990445927
-1276.0613856501657
-1018.2071093003519
-778.8123367077769
-536.0951033622889
-199.73328901293036
-442.935139493394
-263.3106378806967
-132.4559971759339
-109.2587103113849
12.691402467727556
263.14530104708524
375.67716374090935
495.94780982486907
545.072191765006
492.47594272517256
527.4391365787851
641.1170776295473
623.8162800362237
638.7498357280433
751.4464990064926
812.2250019571075
768.7415206890576
728.7071562220418
700.519169049425
584.3819968909519
462.9095857101827
429.9066818009529
596.3135676260878
624.8756889790519
841.8733117883353
1126.6094770543577
1251.9564854965952
1247.5151961296551
1488.6104067575063
1490.3533454943608
1443.811410060196
1406.1165801162438
1409.2094000904196
1330.1318540704024
1355.1658235880764
1409.1982196724446
1406.2406792116428
1471.673658895404
1513.8669799153959
1432.4358693408496
1482.819286530436
1523.4825357853883
1536.10239051369
1495.7202561064287
1647.832792733563
1600.099895163263
1606.8585595891475
1579.9150649409103
1697.3138795018492
1643.1086144791389
1708.7001270180872
1658.7529102349586
1737.2093306741385
1683.0143705450448
1698.8942879981475
1728.8914492733204
1867.1204303774978
1786.9423922184674
1791.5535459576627
1872.3006947757513
1718.7455520793362
1712.033019260396
1802.3818846827817
1957.8740803814217
1797.6535225165712
2023.6928639025086
2100.8948404246594
2172.685465864497
2114.9029895029444
2329.322799789782
2167.5682197656934
2118.2102543314736
2051.800302556654
2121.425079250375
2019.9962333001713
2073.7477684382634
2063.208184904124
2028.1956826295934
1876.2400188964882
1849.5313285911643
1836.3577919054903
1716.8309809497161
1697.666420384913
1605.3728885477565
1620.6741959909791
1581.3546033625976
1606.8560795251292
1603.8734205374647
1738.182622236699
1826.2122302806972
1940.8277876387601
2040.340394879357
2068.8459628766436
2096.9961389708337
2015.605054995213
2036.9693638814356
2149.647856984007
2200.332468110089
2323.981399823436
2399.076122601391
2429.044547318662
2435.38453213136
2531.4873632067165
2532.1899184249073
2628.412522100719
2654.896203028
2621.583151946307
2629.4794934059482
2551.3299254365547
2515.5181389799554
2528.340803971158
2539.107192842647
2552.3083727793687
2610.156214927631
2648.051390609962
2595.861476663926
2609.145138953189
2603.770081179514
2630.697815753639
2593.895218180122
2610.8364790359037
2604.1805977807317
2613.743728171641
2517.5204147503437
2439.2181811600403
2392.105039129451
2412.3597196985343
2479.344614426619
2504.364832680666
2610.1638077680554
2702.888634892596
2765.4957502615553
2647.1848756467757
2733.0797599133393
2743.6771852749553
2783.549755595432
2762.2255039157317
2810.958153909712
2759.010860081704
2783.9041502446858
2834.529471598594
2823.873267166818
2876.636836793092
2933.52079893048
2899.996883000331
2855.8094749102656
2895.25321506379
2889.378501408816
2884.1128809760767
2900.554010370318
2948.37651266269
2937.376902334481
2919.8949040192074
2973.1033335672732
2980.545785190914
3018.709729718071
3052.5299873960753
3108.7478093997033
3106.88280980314
3156.0594827798714
3091.744873235829
3077.348511634758
3086.9589625681056
3079.9972013454108
3106.961569651122
3126.1835046696783
3099.918726313218
3094.5746439304085
3079.5594729716126
3004.0090139396652
3041.3744494394405
3094.3575095187225
3044.902573201366
3051.170199667028
3082.7045270373246
3016.46234943739
2977.5553445672526
3024.4162400099594
2997.757078694195
3004.5341505868064
2988.1287656444542
3032.2043504529174
3036.619080921524
3063.1659209680465
3037.5543565397147
3116.911582834879
3111.110217016007
3140.4917080768287
3164.627155211928
3207.7167574931987
3180.767891064669
3131.9699119117768
3121.0919941207876
3125.7624325260376
3139.0648731560236
3158.8396996267056
3173.828008059577
3218.993157051194
3233.6083751499727
3221.0723122203435
3240.4608894762346
3327.382003504735
3298.9459452466276
3307.431370797332
3341.3545942410037
3375.887058310672
3334.7384425368095
3330.8432731379285
3295.6388898735668
3284.527558771333
3284.0959435648238
3244.1176319952206
3290.035620580018
3324.5794509428897
3369.6780350848685
3319.996911861741
3327.3315319350904
3292.671124852038
3285.7551794272986
3202.3063483970427
3238.3362993009323
3275.9935883301478
3301.127460301045
3312.4573721234137
3387.108477270714
3397.9652827539458
3467.7583632743817
3465.865403105424
3487.6077975188778
3517.3692688292817
3505.482204410861
3458.2655594710477
3453.3957972666685
3456.718802602889
3485.880435952281
3464.81516098288
3486.777679883212
3468.3737351673412
3484.850508724698
3439.156636715536
3474.3028287852057
3499.4070142391192
3557.8404756877635
3539.2116235434305
3554.128936711148
3518.378530795114
3502.0834218977693
3500.075023138901
3489.4581342301994
3454.4380563038458
3484.8988693187
3456.0319776116376
3409.522979900318
3422.944041303344
3422.9170108492644
3418.615691211756
3381.3166844041452
3411.445795413555
3366.434335042537
3358.9436729194895
3371.5417535806473
3336.7787820416843
3289.8974648955573
3276.322697511825
3267.4215104291766
3175.907573047103
3225.7132146529602
3245.339361708291
3308.523642365342
3318.7559231379264
3379.094121236524
3382.3370636983914
3381.1425837204647
3328.925453573584
3332.887205548544
3366.982546748829
3352.6028097368176
3328.9552131400155
3343.063963925041
3313.757374160745
3263.4677010435703
3294.6857438180705
3309.6150687200907
3337.792890729471
3367.702008486767
3408.000522430779
3388.089282288758
3433.1623371721334
3438.1384589212194
3443.6550218062835
3445.414121737379
3508.0432917173566
3489.9083268058453
3492.213529850297
3469.717603697032
3482.8651412680774
3430.148776357286
3462.5799317440287
3469.469710288672
3516.414690780721
3507.376891009047
3529.867803811691
3514.5668167102294
3515.459306414763
3514.9582092315195
3473.158598473557
3445.471270082305
3431.806557831021
3445.8578438805557
3469.8441832134463
3503.2731208948876
3549.0901136462485
3541.788943887327
3555.8044873725057
3522.89936893025
3527.181726557942
3525.0145998812923
3594.9890356394726
3607.434897655088
3609.7257503322157
3608.338309834655
3648.744466987907
3600.968716529469
3570.965786322514
3569.0736368466305
3569.3907757008747
3581.41086409163
3622.357990894816
3586.3287525530022
3536.749228392123
3648.6166239326426
3631.097881460996
3609.9087531055834
3710.374116271644
3829.7488576400124
3749.8579744126146
3744.5731568680726
3805.031241504188
3636.7750695585173
3554.457654552878
3588.590422051061
3633.1259583647793
3510.1752645406127
3553.0721821075435
3618.976741841891
3544.0839524980706
3437.523219822815
3514.082704640703
3598.491343972921
3599.5734392138397
3626.2000088742648
3662.615549388766
3634.7634586164313
3570.7670834572323
3590.340821238549
3535.766288258294
3542.0013387985937
3550.6008156455237
3620.6242339200517
3569.6170098504163
3661.0473423781928
3681.923633550103
3693.7785102836215
3676.494476187695
3622.3888667223405
3574.1219635097564
3526.627893084035
3573.5437583890975
3554.9260967228884
3608.14287526771
3638.508844847588
3643.1523565668235
3549.091428593522
3599.0766696313917
3617.5817426629546
3637.8163091924275
3624.9567116966073
3630.5287247157075
3605.2777735498903
3592.2150001411437
3534.7472904791252
3545.764765820035
3569.195319985199
3576.532348450548
3585.216757949529
3626.8053490054485
3660.342352737226
3683.341922545638
3717.8496732353206
3727.983670198829
3747.4549835817115
3783.2901038632826
3786.2530738419437
3771.9359245251185
3781.1997151343603
3777.112501090826
3758.25585373122
3756.457409659839
3775.254525066828
3822.718230255668
3887.111092653411
3960.659935932765
3886.3030054136807
3761.8081606353862
3674.463227927107
3488.4252295142846
3449.0389353131477
3440.778573498505
3539.5416546716892
3575.017808384704
3688.5294073772334
3608.4836892775384
3754.1949253320704
3742.2735280687466
3774.4339410606635
3828.361673951366
3869.287562305634
3857.8655680224347
3867.972317695666
3861.4961531672275
3766.467454947556
3766.577966792461
3719.4783509293247
3703.6992012126248
3641.602812591637
3682.009837435486
3681.8476551159747
3684.5982552023834
3711.5953537150317
3742.4086037404945
3748.7892914100753
3769.5992625621557
3747.453324214536
3732.3469622428083
3739.320181845397
3731.7971731513644
3721.9307710102316
3761.5546249794943
3810.9918863005287
3834.5985839637615
3861.9221200651605
3872.7312439608254
3868.5692495831554
3839.5090482029204
3832.098484650655
3837.6417127049262
3815.0017765309167
3836.1159457664435
3848.8601943479907
3855.4505729809625
3827.890036604464
3828.2813246020696
3789.082890099701
3778.975229544492
3761.384716278462
3744.480064329448
3741.1077418903965
3747.5938836885643
3727.9931563897962
3679.5544318487573
3705.2407564505015
3706.5464538815327
3738.8486549050904
3783.09205561315
3829.5565935974423
3872.950242236665
3871.1933316849763
3835.580521615886
3796.239377006317
3823.0268378379183
3809.128031729225
3844.3426468223806
3861.2918500201577
3871.6401696308526
3864.5666734585348
3841.7507394438685
3853.4126364116214
3856.1342614738624
3829.179828735066
3795.447704377842
3807.8257937705935
3764.9006071112067
3765.3204484725056
3752.7062864457735
3776.721387041714
3804.8210770684746
3828.314043868441
3830.5629004909706
3894.606657539155
3920.4010683645606
3883.2413954819663
3874.576554781297
3897.234564701589
3839.5228818972014
3824.1257438671187
3834.6550470056827
3807.0820873532066
3782.002263403649
3770.8433834151056
3753.475277910378
3729.053728383562
3750.6478792853904
3743.4445156458787
3744.9139922388613
3706.488128823106
3734.7224074032965
3723.622782102918
3715.7340624914154
3726.521030224166
3717.3425730366966
3642.5270652881045
3599.78166941541
3591.972491701988
3600.983409996533
3672.159997856809
3704.2440913649866
3743.216440306008
3736.0942137711027
3731.136378502306
3718.5271619014147
3755.8848362750687
3754.4652409866376
3770.6432621423746
3768.0607493482385
3751.602232928756
3696.9313486165215
3692.8691030096475
3681.2377993503833
3689.31706160458
3708.214271455822
3714.980710636967
3721.9969113348643
3730.946778978292
3748.1146490947126
3724.0410363965593
3698.613960629179
3701.9897301095684
3699.4991954456823
3689.9959161033576
3724.4049755815095
3776.563371677189
3786.856454152241
3800.9989315489734
3815.134160431929
3769.5424893135946
3759.8590121192374
3778.5369209310306
3797.543863171446
3836.1899802910402
3878.3090684310437
3869.5125184985664
3847.3697844326034
3823.7978441533514
3820.969987907487
3793.0925862124677
3825.297014076699
3814.943464350255
3829.692707627162
3788.515582084201
3844.4513141417306
3859.2048628485245
3847.6203659476682
3841.266734932623
3851.500292626911
3799.4385668426726
3787.5301018318687
3827.4628092892362
3832.7700822602583
3848.3454084896957
3841.168351406959
3844.597274750144
3794.749842607347
3777.9648365473963
3768.8743615566464
3774.8534086626382
3750.2423505562388
3784.196043569659
3796.473191705525
3744.868750206849
3807.5491419037753
3825.594249060497
3838.3403957787773
3846.656445833495
3893.732542348945
3845.8991236355596
3855.055263879295
3819.9466835429876
3833.693040387614
3883.7375491504445
3892.0718440570727
3856.7286747226326
3897.5354556657085
3879.7107401870076
3875.837691679961
3866.2384433559782
3887.12335185941
3900.4358510473035
3907.9226218160115
3829.773094995987
3835.014907427615
3851.8692292209703
3871.809667472664
3863.6546006671383
3788.609044230687
3835.0869580758927
3866.5938622016274
3852.9155125376365
3874.7616633798316
3932.840803955895
3518.945107367519
3555.685752217936
3516.3265922607243
3522.3812764167765
3561.8523858095436
3931.0677550970413
3800.206371066617
3841.61831974501
3876.46082739592
3941.849659062951
3945.300963974237
3991.7123112312183
3979.3146614120037
3900.3768653285697
3851.1955716339107
3870.120793349214
3899.7967797625615
3889.6413004113297
3910.9618174826537
3928.1444825780377
3903.687584628859
3865.9450627263204
3856.2621834582465
3843.2225084900815
3784.9070131046496
3797.240930404322
3757.2589848793555
3721.3998073063995
3706.8464811687018
3720.012677301049
3679.204796321648
3677.0443394090867
3671.4161430936
3621.164624093336
3604.9351193372468
3576.6986878427447
3564.755717469974
3583.2965911012066
3630.0565442977813
3634.9785736976264
3634.3910595518983
3675.3513185582783
3673.623933046115
3682.779789321795
3701.945195782912
3723.7754811659297
3692.826113334913
3688.2963799093386
3668.964532869989
3658.553976938988
3622.2507821025442
3615.025837607098
3668.999357752231
3681.167914551139
3636.7943318095017
3644.978727373781
3687.937610438784
3690.2108653743094
3687.262212974274
3721.6932380347725
3755.0642619620357
3786.5253534444364
3699.9580477094414
3708.4224193270143
3721.6309638700814
3743.2615674919866
3706.240307448773
3765.7525200469718
3785.492831891652
3792.3330392775656
3817.5808579132313
3850.5833250774667
3848.4154553657777
3844.28952588879
3853.423057007879
3838.8789871788413
3826.2029438102254
3857.3457469591003
3855.2144442715594
3872.2966411241537
3889.899079632274
3868.9235000004355
3886.524741835981
3912.2401216280196
3900.9992916487236
3890.0090331532215
3899.8571087872792
3858.5355853793717
3808.483993260862
3823.1513573737393
3803.187363753815
3837.476860188369
3858.7946642350644
3905.195866830099
3945.2715833899447
3945.7958565980484
3941.22320242256
3968.927265083366
4001.306029626217
3969.565091615
3965.894767204132
3989.1609652637253
3962.270082544138
3947.854070609891
3940.232503450503
3979.723040365237
3935.4848189116633
3931.7921335987457
3918.9518660695594
3906.5897396419987
3897.51234520389
3919.580446968225
3914.7113194661333
3898.6348680537485
3903.998548621732
3899.695553168635
3900.0651026451815
3884.1409325101267
3905.8934172630247
3901.154154698925
3892.58787042961
3899.194383452471
3913.0255876760584
3900.1862871733906
3914.7321451117214
3927.274092412799
3924.9123814229033
3930.9911629919307
3944.983971109364
3939.7545284582816
3922.977964884809
3920.602338487968
3913.8638679574656
3898.474405422935
3896.711845019234
3921.6467494563094
3917.8831499946305
3949.2062773027956
3919.5501737164022
3921.1483824498227
3927.8991840679355
3970.404793048222
3895.9176744012066
3917.022921426401
3948.625417983816
3938.441569952569
3921.0760868896637
3963.6094039724267
3937.1757176195865
3897.282624541092
3887.9867222882453
3867.739698965732
3865.1449184961425
3887.6519985982195
3846.930565274916
3839.9073383945997
3835.0821005144157
3852.9855090644573
3831.338557742545
3905.7140126570416
3868.431217079271
3827.585695716197
3806.3834433142365
3855.5067048085475
3808.1608803774957
3849.451829698612
3887.40128049938
3892.4789460423804
3873.5457027752045
3917.62038008122
3921.399800745355
3928.478718908705
3937.269048373486
3914.5294775420666
3892.457383705666
3900.674902864808
3896.684459497151
3905.769527541695
3939.9782788230636
3961.2033128236244
3961.519749484077
3953.162335511343
3918.415789424014
3923.288050114624
3919.4374302454435
3915.3748505451686
3916.566514690967
3917.2211576051914
3903.0270570634666
3902.762744350008
3896.717493853289
3905.070151512686
3900.9067183822267
3901.0864555477683
3861.474745252869
3882.0101725819445
3849.9052798447465
3849.57371775623
3867.367709149923
3908.059471743197
3870.113836042846
3880.085942317751
3859.491876887747
3826.0045345622157
3802.904418382277
3802.640126336744
3812.479225165199
3815.6212544740065
3815.6786358325166
3800.5735947164158
3792.518469706993
3819.9473657414565
3860.877809662218
3864.912822860804
3872.1898487798107
3915.1850394776284
3903.771807527148
3861.2238917327086
3896.4405136969513
3902.3113541465164
3887.267083174463
3885.618552042777
3943.758239862402
3908.047531358973
3908.3968804366614
3896.981251231707
3879.584997208809
3861.44144947387
3873.3696711427215
3892.180093368915
3882.427587883866
3900.171194778164
3903.4521047501507
3923.3064663579935
3882.945182364412
3942.320816788861
3952.2856763530244
3969.3885270636083
3932.9965508815612
3931.300207909676
3891.623647717588
3869.5690249525214
3887.173533173523
3929.518953581356
3967.549938860334
3942.0964373874326
3950.077658963679
3926.723459474536
3913.4160109097834
3898.767485795547
3956.094972506573
3961.044638056521
3951.787631622
3987.2414845022863
3983.1724926314464
3908.387361347075
3897.858178517732
3930.5705340765885
3885.6501368172962
3888.4357841886153
3891.40022743686
3890.993494947433
3811.92172568664
3786.2978381424455
3779.605166763025
3775.7657645616437
3767.585682137808
3826.61060851835
3839.0158592547623
3840.1348930769095
3904.942424229202
3916.8086125969276
3905.1422714489104
3921.8088849176306
3954.3079380145737
3932.9349693754593
3957.9801380654417
3963.350066571544
3963.8760091059894
3942.5642715053236
3951.420185717271
3937.067580085195
3949.025021971409
3932.0954722920487
3943.0872809732923
3957.3062691475807
3956.2598242887725
3916.2100771848354
3930.974666079252
3920.3932393089112
3896.2112230794646
3891.138097989095
3907.4009674128965
3903.835637241752
3975.1700012202286
3994.275120477728
3942.767964256656
3923.555586307579
3928.00392642281
3835.7918396755094
3862.22007986087
3899.5285782062415
3936.333459970267
3944.3429513332358
3964.7758268434764
3951.1056154918797
3977.2818550946226
4017.8703719128257
3943.0519341166696
3924.677758943314
3952.0520394931928
3905.5427621653052
3913.1578294753544
4030.6309889664144
4078.372921101972
4031.963488667349
4067.073343236223
4016.497363973471
3936.007377039204
3918.72830485191
3928.0518770019994
3959.046714019499
3968.552741186151
3996.785830322184
4017.038893805248
4001.372190541907
3976.4608595606383
3939.4076065200693
3943.967341193086
3916.0114343151963
3872.9107291778346
3900.5255378684187
3907.614487394023
3898.455394100779
3900.0792320449773
3936.9081987290742
3910.7084316134406
3901.521455140786
3910.638854665238
3122.0713577025554
2341.2261331249356
