-6297.649306961955
-6087.530311917182
-6550.546230449035
-6595.961469248205
-6065.325088610212
-5761.570616171524
-5515.635855611249
-5148.403345601268
-5434.860203345499
-5483.533837748271
-5453.47815200172
-5089.0980634737625
-4537.007101693039
-4125.35084160492
-5609.848362714667
-5373.895079518859
-5703.76759251629
-5118.486519595642
-5100.259366443384
-3357.291796058868
-3360.371692232723
-3488.659669012924
-3597.2758805419116
-3255.706783060757
-4086.9307519741
-3980.2385730961296
-3363.538302072613
-4485.620759583513
-4564.760895478491
-3444.326559342427
-3393.5082955582507
-3689.7271445935235
-3028.225954765327
-2623.9241540205444
-3093.0174259427313
-2842.513608057633
-2617.8099700643015
-2727.708721448401
-2819.0240184973527
-2688.0905123856774
-2673.3002341126808
-2949.0552804941217
-2422.7147502145363
-2585.9017651261693
-2527.247565806106
-2479.081721514237
-1977.3636206875353
-2198.1610176737768
-2189.5454879930967
-2096.9768937278614
-1990.5476610374635
-1857.962288761311
-1793.0746795691953
-1418.4709628311666
-1327.2668910379907
-1357.373710808933
-1690.7536036771287
-1474.7264437678355
-1291.6499514483546
-1326.697452212986
-1440.5431138278227
-1257.383381496421
-1840.9596928315361
-1967.085778442452
-1740.3597785013733
-1792.0771081922467
-1808.5108213961691
-1518.0835679415525
-1475.2118714895244
-2008.7477281346314
-2068.0863309633446
-1935.4484222293574
-2007.7352410209517
-1973.9238026573391
-1527.074463635805
-1003.8372449579684
-1466.941903395309
-1229.973441009961
-1210.6799546189734
-1484.1595294322976
-1675.8069627905475
-1312.2570489180955
-1259.5595149758667
-1348.1105736372456
-985.1300416886295
-867.0753089773625
-804.8332398616084
-779.7082940153467
-700.4901410453992
-802.9077385163768
-608.1185144965687
-427.68773155511104
-369.3446721860096
-244.73030585065513
17.64525654555841
-236.4300268203614
-151.35770077448888
-123.04454578848514
-256.5604815996547
-539.8977772072249
-382.0652212830785
-528.1397256116038
-717.3573711268328
-664.4473450454683
-847.5133037541852
-629.0008423252109
-675.8216660898576
-204.14896021397084
-107.46658644020492
298.0076801247265
49.840527966762
62.235696388506454
-165.2683665149871
-218.33488437516738
-242.1601929870319
-54.946844172230016
-38.31463816017718
18.91618308960888
-56.52370715236127
15.043398405127618
-224.34455193407774
-223.26530192905815
-274.8497644841447
-217.46762706232715
-346.4315964691513
-396.58254960485255
-343.9463449079273
-439.0062305069474
-598.001576965033
-732.0924372774027
-626.6859596944917
-681.1828122121634
-596.6366134069697
-377.53344258807465
-428.23040946481376
-505.32409489935753
-525.7996222338433
-592.5295301517501
-630.7751408566357
-325.31980371403796
-284.22494089477516
-263.487213289577
-196.5059393363848
-252.56411861330827
-296.5098098370475
-211.34172531810492
-148.82058952215442
93.28971531998077
381.14494991553767
549.9641516598281
495.04784584604425
638.5046404897348
779.8876568791734
724.5826015096802
683.3610089999581
1028.0678968448058
1093.6818124581148
1139.2985907644193
1162.133585535502
1245.0125291242878
1085.7640762098858
1237.144283753324
1169.9542977454146
1315.1071605670263
1483.1578776312417
1813.5172663260137
1840.2006771193069
1967.417346515508
2038.72382169125
2146.141092017504
2109.2541209988426
2082.3423988046416
2067.1416244827024
2121.5523668387514
2045.9896786265772
2089.8193233482284
2183.6733849561906
2283.7287340563016
2360.9468220099616
2383.8233578704
2413.8739446516297
2437.485787893352
2440.5197966809856
2419.705880866206
2432.6501353055864
2411.8445897746897
2392.8657404098067
2347.3199497448786
2284.1998818837483
2218.9023991878203
2206.358021330532
2175.069401501516
2260.511566428388
2348.6962893628133
2400.6498389839644
2435.753255572014
2494.788990664135
2345.3492150091097
2436.394048229322
2499.0511164958525
2637.694532959916
2590.6556482789965
2659.8796885155716
2584.3101325057164
2700.061255098847
2655.7226677844214
2847.31264861981
2919.08152369048
2905.0265027334053
2767.9998533686776
2736.6693547788045
2651.034115898896
2599.2304283495123
2607.8690702834947
2652.879216468072
2653.4818620939964
2603.5900394600467
2674.74702748465
2678.2906912296407
2688.2831664588866
2709.8884391634674
2809.385764835954
2748.052366145207
2725.4995163889425
2605.44914199835
2509.956567205771
2413.3759075249236
2391.088393776874
2368.6062921175953
2308.013600822258
2367.7172655660015
2341.5630348030977
2379.113071239086
2355.395157661882
2539.2341570558638
2478.7738501457648
2373.6941501077845
2396.4103730158286
2410.275585959246
2344.095570186794
2448.3199591795887
2582.186034539593
2641.8752554943085
2671.8794353901512
2755.3122827606758
2668.57256591877
2568.5119885831173
2466.893130801941
2536.9339321030234
2437.6311406812347
2388.408631985235
2557.1205640518483
2577.702720891668
2502.3581484288065
2479.759001760425
2554.9808552508316
2477.9208627376247
2376.093875748704
2386.505960523714
2499.549039587705
2520.0217999282677
2463.2766689648774
2590.2343496766953
2661.257778761559
2724.431351389341
2654.7912607519256
2760.3836066148206
2797.617553444937
2807.6783064640967
2762.421271613801
2874.1792236474203
2944.4749487779436
2946.384298088553
2962.5675341487427
2971.2716117895134
3037.505542471523
3056.2045847722493
3149.4629566870167
3199.233113016869
3274.1080502971367
3250.6807828433675
3298.848909369579
3253.9655276246635
3236.394734262764
3196.6765004858426
3165.6115428991197
3096.872953575867
3163.512808706219
3216.6262085473622
3159.251159003456
3209.257028794107
3240.457930649801
3202.265125576445
3192.88092391224
3284.405121555455
3276.7101715193994
3326.813407694321
3330.6708602258777
3311.037755962668
3306.206078487161
3358.852980950597
3340.2631026918853
3343.924683078073
3310.2852194187103
3326.600375470999
3224.7942846570004
3232.445306061229
3209.271819889962
3223.40207598924
3197.26995021356
3269.4384840477787
3258.9994041575683
3241.4295138047755
3179.5209078277353
3122.866792412641
3079.689179399131
3047.6252980793242
3079.466485087141
3077.872326433187
3149.3131244163537
3064.8407047707215
3016.340985817231
2882.3130686728964
2895.489959577208
2856.9749423826165
2921.5975230636263
2848.806751735972
2995.402758565398
2941.2185700410446
2902.764226626485
2974.502416156035
3065.7294428081245
3110.0931655737004
3198.6521027102062
3185.1418696203486
3152.3559923736743
3186.563174948157
3151.71895038003
3232.634356750129
3338.5607988108645
3454.505874801448
3551.153680323664
3561.6443548368147
3571.3232185547727
3583.9297969855866
3475.0727247090044
3440.2741238531316
3433.6634815684
3397.2707068479704
3378.273626187599
3417.066245216992
3387.0340436753495
3370.149880284285
3346.35308235125
3313.9298852336037
3334.258895178642
3367.8498926312454
3398.2934242605083
3390.355654725122
3391.1563581435016
3352.8596016036627
3351.437244282386
3304.011190566849
3344.3259403096104
3404.960283395533
3385.8593161196213
3355.5178770596776
3442.684008859824
3344.2274752648673
3283.8899897981305
3364.329418795349
3358.1924066161164
3258.1860587926076
3336.6176680865688
3361.589541554136
3323.933607358352
3351.3548218683186
3409.004693505158
3421.8631079376387
3418.2945508224034
3460.130705406913
3545.1983453483126
3574.922995589738
3603.995343336379
3658.9361945225196
3654.8088040197467
3654.913118294958
3638.924096373757
3686.5947851734823
3667.8341231872455
3682.0293648662937
3683.963849345078
3711.6695501731906
3650.0377724086493
3671.1378331094556
3672.9160558467024
3626.280534455616
3564.9439646221517
3541.0349666224874
3568.360255367719
3611.08615709701
3603.0883908751443
3681.7882523696708
3730.213212338229
3692.6001047467216
3701.788633580701
3693.6736365835004
3723.4877978646928
3767.0900278142376
3772.914373970004
3697.6875198822727
3766.5983435671246
3748.149873898211
3698.749583241645
3682.2941761451516
3694.1829787858755
3645.9111974711514
3595.781234486487
3568.8959712600968
3562.1123125726526
3553.2326547022935
3543.441257091141
3572.4384094483353
3585.8427753722904
3564.1597004434407
3528.891488298038
3511.045916379693
3502.555867332474
3505.071683046309
3583.313650777654
3611.5248061676944
3596.8237876348776
3491.0614643528534
3451.172456519509
3458.5651741865786
3450.414550262361
3453.5508258750706
3470.9309199036556
3539.5852554060984
3408.8437765993835
3424.2045549175014
3440.3892735106447
3557.063545769315
3602.082341856578
3745.2898006427504
3822.56772763332
3867.794450092043
3882.7460296934696
3863.2722392206815
3890.529217140009
3890.3493444944224
3831.9906645865353
3803.580351513415
3788.0463504294707
3728.5297967974834
3655.0259342361587
3692.368086559923
3679.8347789878612
3708.774879616168
3652.8813127769427
3700.421899148705
3679.4203167635237
3657.458771151625
3620.694098209222
3680.4481645927394
3667.7177762461824
3675.31229257161
3701.1502715551715
3712.1673260317893
3715.5863461238146
3745.353421754338
3775.7817042070237
3796.1515427180616
3865.570249772746
3883.234154826977
3873.8147579336296
3890.50791877749
3904.888822271526
3899.696472174194
3918.9882930332933
3881.04916522873
3936.4107217582873
3939.2471228634245
3894.3698161770626
3850.4763550688945
3863.7946160858282
3825.143985414766
3816.3824221179652
3766.2321624204374
3811.211212856678
3825.229754742898
3799.7360986143003
3839.61579070768
3881.340705803163
3849.630700555355
3848.393367279571
3847.97481313216
3802.6639527257257
3799.849307375058
3806.6237487640333
3812.6429837123305
3787.891202034845
3843.3783447064975
3880.851542760529
3905.332072669985
3935.0259162543753
4006.4213556188315
3927.401924681264
3947.7158405795167
3946.5038645007603
3973.0919662737233
3940.345657081433
3991.587462985366
3963.352824943126
3993.202988526143
3924.0496647156688
3934.3174849250495
3894.6975723457335
3910.6968547934684
3869.120233034861
3917.28298430222
3903.3876187738733
3890.970838788469
3874.5661997703587
3894.854822399561
3878.429075017442
3858.211379429039
3883.654510477258
3804.57611153386
3777.1096792146886
3735.976647509481
3726.6127451118564
3721.338507453885
3697.253658913653
3637.1808888475334
3581.0608615596448
3524.677991873631
3497.16930635516
3555.508469313981
3593.009871481232
3675.6519884325576
3692.9939148252015
3688.944261358757
3638.254403833948
3619.870721827344
3624.7941716692258
3716.726929193784
3799.3393652112836
3903.5851331231916
3982.3363639567883
3957.9420739301913
3853.200259613333
3826.2790909939786
3785.283180066578
3725.1739603726473
3783.446464250344
3877.836338834399
3828.0036662502707
3825.1267300234335
3815.140507077323
3759.4088936039025
3757.889666537055
3766.689078686303
3710.935205024046
3716.0837689539676
3681.82251990562
3660.6844145371438
3685.3760457958224
3747.244399437517
3758.1910636132816
3758.1597423265107
3744.301580833231
3742.675997180222
3767.9825116183492
3710.9414572888577
3742.719197035758
3748.524722056426
3721.8590719548747
3657.2158122099795
3706.244846819103
3713.36498497537
3722.7795526826517
3773.345119554881
3805.0571083396735
3854.363852853572
3897.7710395832582
3917.6115959720173
3891.0011014879424
3954.8517276886632
3932.146277728266
3904.489003485579
3892.8638647811576
3871.177639756774
3794.5332149544915
3826.8160914384316
3847.4166055728797
3849.961097721933
3897.7769588036394
3915.703924155364
3904.848170249498
3864.926549054422
3873.0349897206033
3727.1836124064935
3698.9697760154895
3658.9576545675855
3674.7368251506055
3639.795547851756
3665.5797081022693
3818.3321214479747
3696.9650603575246
3804.4837837318346
3094.4687235497513
3110.483992134229
2921.169257998488
3048.8825046993798
2902.449946067995
3691.850760104034
3818.43027930947
3843.7358640187995
3896.7439916550215
3937.224682389504
3900.2032518186584
3667.0205008216576
3750.9898853169884
3702.3683801162224
3822.4899315374796
3756.5040010261905
3979.340340010114
3824.537219788168
3833.183797826348
3613.751838856899
3587.381070393897
3598.2830053788375
3709.030336779233
3738.824380238951
3845.033113926446
3892.548949514564
3890.6589393470845
3921.0577469868103
3872.993722749497
3933.981948151374
3936.7752349690177
3947.944808956074
3888.5190258744633
3928.432970654743
3825.6262309384956
3813.184859999387
3768.893194580636
3799.28661690754
3812.243136346372
3873.320045336812
3926.0418841296237
3925.4959326989906
3946.51653286687
3967.315666393837
3954.5423834900394
3945.6195090281562
3966.455180605281
3980.3933985343747
3949.164189868227
3968.0276939068667
3984.1736549296675
3987.537730875722
4005.4975064925598
4019.4091239253976
4047.080814357816
4058.6077309119814
4065.567813092246
4097.402704540243
4072.4468206795295
4057.0033287040487
4046.5441364146145
4036.2518839813756
3976.309320469263
3973.1164945701394
3981.4371730907346
3963.0428030503176
3968.7776563191555
3951.116515487322
3947.9780842961554
3914.8188549729384
3885.6510515188766
3851.6253998197635
3865.8288036030535
3873.766307604441
3899.010080747171
3920.009612157634
3931.1727406387154
3933.1342794044667
3950.7968552143893
3917.1327996911004
3926.9578806849427
3934.616873485384
3966.547670483442
3958.8838165873485
3989.5765730454773
3988.2435576862936
4008.008431634179
3970.8880399963973
3993.1688772104662
3972.7137518526224
3975.7943583067413
3963.909956659619
3981.199753543583
3966.685994584481
3968.2891099220733
3959.719049731535
3939.5223048895427
3973.583613520281
3968.9532961935606
3976.637446244332
3999.0972685677734
4019.919464048313
3993.0845485873765
3996.2519799871075
3970.610229646599
3920.8590349940473
3932.6966047095957
3957.8082320006833
3976.561156674421
3973.2572039385086
4064.2334140321705
4027.5256909029436
3951.606628530795
3901.3647627127575
3900.516437438964
3800.7252597724137
3776.1197290611162
3761.9625994910784
3786.8315973579247
3794.9638454521914
3833.7494116415824
3881.5208016866504
3893.3831938267463
3873.9213461012514
3856.1378790971285
3847.0096889172055
3845.5094815080915
3884.4962169620744
3890.8948853539605
3912.1211529830925
3930.1318814574634
3922.4979215851076
3908.9794159570006
3911.6382690061473
3898.1199776852372
3902.693277238037
3883.9930990470234
3906.3115881192475
3932.7558405539703
3961.3892140609055
3954.0324892469876
3968.931368980818
3957.5979653176173
3927.378488142874
3916.0752516081234
3891.7153164369447
3897.5132944117786
3940.233823159038
3940.846562853899
3921.7141521335984
3955.897013400337
3946.9670694981255
3878.6500808081837
3936.9542781036216
4001.622135326065
3983.8288589617046
4018.3406079785
4062.838694446043
4027.291287398932
4009.256794388637
4057.8563135461213
4041.6699649315824
4059.2063858556457
4072.864952909851
4061.3558378918488
4043.5688817086675
4074.2294217402955
4084.063708849298
4113.597190517173
4161.828817641491
4178.252514728731
4178.708251583688
4182.000748255016
4173.437855668277
4127.794215113832
4143.987109579368
4165.037370200935
4142.650759361819
4116.74957604259
4140.800028357749
4098.533708537315
4070.09528683325
4079.7425954444
4078.546719501503
4072.5362520772123
4124.474477541533
4110.69884059287
4100.193611833565
4093.9109846780457
4085.1316109964937
4071.9349137630766
4045.8924455302213
4006.102616747407
3997.1331055968903
3953.6031712203435
3919.1570208370017
3936.1159233049075
3959.815723705017
3931.9254010861277
3965.3688037207107
3945.7187450187457
3930.342169652322
3923.1064688433466
3956.3868986806
3956.9605941563177
3981.4848551860387
4054.276232604752
4078.224641058942
4082.89754563912
4087.32690883104
4095.109760501198
4041.2368055244074
4040.066015071867
4036.86795807686
4006.233176101426
4035.222598351498
4055.303005782262
4090.390229351253
4111.128482318091
4090.8878899250776
3982.6881912698805
3996.776459808567
3946.246703036828
3912.7872192395885
3973.794889824585
4053.844446233362
4019.0769607760135
4025.5284098208485
4041.771593244862
4035.879755320347
4062.234746430902
4110.654658766297
4053.941916154107
4055.0076911564447
4065.9868695454916
4051.970617352089
4007.357304622244
4084.941659140828
4044.92144653529
4011.9447149376524
3879.5853854857646
3902.356474617345
3898.1040726774436
3868.851823399245
3907.7211294680196
3967.414809120676
3990.225965473959
4002.6365806052436
3997.2282696295874
3910.094823911146
3419.7003363249596
3315.858390573921
3257.6190086464685
3334.9475526124997
3419.228162335606
3990.9439426559366
3977.0155781171025
3956.122015370324
3841.5149799233436
3716.322404174031
3686.4754058914878
3774.2273187336136
3793.7465991229155
3841.454669047098
3984.958783814895
3882.1223876499316
3826.5157704397952
3805.4744113896277
3881.148489271736
3866.4615264030895
3965.079615146023
3998.984156377702
4013.612056992605
3982.554555029215
3984.9617249419316
3946.8914246875306
3915.441579788029
3933.8696512734696
3949.69997081526
3918.3591714932772
3956.9616511039503
4038.201928687048
4074.637630975189
4091.862468627036
4130.862543895875
4117.972641284707
4118.980706615785
4103.869239553973
4109.180149131125
4077.410266233729
4121.518652548267
4092.000110284285
4119.012936403095
4154.977933054111
4177.297707159382
4215.846501660474
4262.741977942248
4262.049970472497
4210.593240332937
4196.026138650114
4170.30691349336
4146.4464421783005
4177.983529463325
4219.577041975505
4230.41313584055
4214.74139651662
4218.325950369904
4251.200885116315
4221.293749257169
4243.564364193757
4216.869279099001
4188.135237911408
4048.0442135227127
4050.5884596938527
3962.3934601336205
3993.687560620203
3807.7755190708203
3884.6257118370067
3864.308861791181
4010.2338412618983
4045.6776143009183
4194.099892357567
4161.425822618449
4189.737314182574
4066.8122578280277
4045.1080870681412
4089.869057942958
4081.5404708996352
4052.8709904274338
4071.3159296424365
4024.7032557954485
4044.5147617311145
4059.154277739389
4107.75870210555
4146.522648415264
4110.54351623256
4069.753185780669
4040.5624208835384
3969.901295972769
3952.289689282888
4008.6622165350873
4046.8032220844207
4092.6369405313226
4102.901102498313
4092.16086118943
4109.79742761584
4086.747777948546
4098.390969866162
4098.213360814925
4107.400945678324
4089.341663901565
4090.084956639299
4097.536387604139
4109.113786680819
4121.642917904673
4128.201376231327
4119.449602771747
4075.9036923987287
4090.9199171316072
4093.2142361616807
4103.477988043844
4130.364330849804
4152.066946748954
4121.498864174177
4098.960900550207
4088.8206055365104
4061.9565489724278
4057.5608320388696
4084.607269956796
4095.445740218112
4033.25481414293
4040.311621377245
4037.06616870878
4042.5014915955608
4016.7393921300077
4080.5192465929367
4027.7537239896355
4019.7063266521045
3963.6952056095806
3955.4370100881724
3917.7972010750077
3953.524174467258
3918.9119372660903
3923.036863204575
3902.7293298643485
