-12600.932589721373
-12587.25407471584
-13117.607312679176
-13128.862268610155
-12774.920548276688
-12259.405898412682
-13570.557893120822
-13676.50010575656
-13481.288730404445
-15222.91177332039
-16272.996905249856
-13741.759414919743
-12871.12288501098
-12941.679162372806
-12053.827160336677
-10581.096193093426
-12195.877602866047
-11701.058683274678
-11397.747866180214
-10357.416338637122
-10027.337398814592
-9250.485885523463
-8785.99998282465
-7935.326404646094
-6983.252795918711
-6135.6450594368
-5308.027663083696
-5444.914745483771
-5540.21516472658
-6179.311902688249
-6437.968353804372
-5626.75327927067
-4700.167852637458
-4160.80405786273
-3256.7109191700247
-3285.955889050814
-3573.1345906588185
-3875.2681057701075
-3709.781676354288
-3912.007998205384
-3078.9241041827636
-2612.1838126554176
-1912.962511979287
-1354.8535600292582
-1195.5252259145407
-1738.5165188275505
-1971.8618221453776
-2080.243320675547
-2266.595356596459
-2134.637663258871
-1715.3123604680309
-1443.4049783835108
-1548.2376938015343
-1413.4940388583204
-1195.9911405789999
-961.1068038966877
-573.8415560415035
-316.7354826797771
-245.59050542149754
138.53075296440707
242.469194002557
-110.4255433621237
54.61066355813361
344.94611046385603
227.35920486890356
95.6533164870749
577.7701944627413
550.4778400240652
540.8053070241224
646.6019496149231
1050.332611909699
1195.6934316652078
1515.3381303942506
1635.2717451321437
1668.5300316440134
1694.6347958854808
1831.188958785946
1822.3770216553733
2142.114620551875
2346.8539514094387
2696.339393420887
2616.018541819706
2717.228456603885
2568.498683594753
2625.2258933922067
2475.550010634134
2638.0065947706216
2808.176247781541
2882.7014925849207
2926.220977045092
3102.880820249655
2875.8753509717044
2786.4197569380244
2881.2200357656434
2994.382087471641
2833.3014524751698
3081.103647319039
3201.974559928075
3357.2654608146863
3366.587889075324
3495.4732531000404
3551.767813075079
3566.057446860179
3523.4033485990176
3727.604435132902
3681.811147506852
3739.798130283397
3846.614725488357
3906.023688623078
3882.878261265863
4253.524890486548
4307.206360280627
4458.537274632923
4354.600010468586
4337.601069166419
4319.213009356222
4385.345521128362
4289.877685641761
4458.284866835102
4507.866886045025
4502.121774519481
4472.346462747503
4414.050270884429
4461.087517035157
4418.394429084285
4413.196910454459
4431.2231291079015
4563.552464527492
4565.649653102249
4663.66264703572
4666.469887633333
4740.773676016236
4781.507581558733
4839.044735672153
4895.160451144848
5009.557897899054
5129.199738934634
5219.846067687642
5265.034992877332
5324.727905304819
5323.718203210823
5371.786766425985
5360.812292352179
5406.101491004386
5427.788294343601
5500.54778293972
5533.156816321911
5576.431869546173
5616.455008335281
5664.76584036066
5661.985587134111
5566.082361866569
5594.831570855589
5649.6745592421075
5651.947410550308
5764.900317230575
5834.27635442224
5925.675601493187
5943.459977451307
6059.468069625517
6105.18250611372
6140.470009530493
6097.422977854202
5998.643000084538
5920.792759109423
5831.769584830987
5847.733254529376
5878.102737294069
6040.850912156283
6088.2131653808665
6183.91247077011
6142.697258016596
6211.635489744762
6115.807183590521
6221.224080367468
6217.825548752179
6353.99415070281
6382.087330279499
6572.002111300406
6596.842963086824
6596.3323311877375
6607.721726346139
6546.159431370006
6498.293234490754
6418.4144888811525
6472.13595197667
6485.211983706394
6562.404340793812
6580.548024853823
6613.149312502404
6566.576598859523
6527.231766899665
6484.895167098034
6519.592615439255
6519.966417097723
6555.631638279169
6661.0377644738455
6716.536862628185
6677.683118083318
6694.721475947326
6674.532289493396
6701.3822156106835
6727.6865255374
6741.139350758518
6693.459317324383
6716.441200748282
6700.119654316847
6670.110710129907
6718.726897383843
6824.255803147843
6910.051455228367
6988.893906245332
7043.82969929261
7040.209468226108
7048.05580404254
7129.559579909735
7175.739441948427
7121.334274895952
7100.05422570619
7063.357227548115
7033.037999213234
6945.996722046004
6955.574018861752
7014.0776437389795
7141.149067589517
7124.527593411232
7160.231740863145
7291.588061836162
7347.106048609271
7228.721778786333
7172.745214638691
7124.712884068342
7094.277268375762
7088.325500119332
7212.653922406792
7301.385523916948
7313.123678638352
7317.1279815339285
7245.324960317541
7210.806639721637
7131.817048155418
7220.807119890006
7150.214498723818
7215.367682163891
7154.820672199837
7237.690377138754
7181.970988397315
7263.965041132133
7295.092394988619
7400.752057869355
7409.557725348168
7496.255015009585
7400.887830399759
7338.220132435767
7247.620641706988
7244.683874128848
7223.776296484621
7445.765581154405
7569.05722104512
7664.2889614042115
7713.39776813399
7705.509513887395
7635.264942217918
7628.35289272723
7684.570063674477
7754.739111039326
7735.434396810102
7766.736198801849
7806.426251667854
7775.161327790149
7725.539598647971
7748.360207512369
7743.293475448407
7702.421157126355
7626.995185652579
7647.209962681425
7663.094160951486
7678.729133528024
7660.656759799883
7786.392285783355
7811.956885926916
7912.989307570571
7994.633196965431
7981.683975256228
7956.334527896894
7999.563504524742
7885.5426949651965
7779.254980984879
7842.475917280086
7830.656113469313
7765.704692015388
7806.933812953645
7883.349149720702
7890.461044543719
7924.220058578007
8006.852231102108
8013.408796980587
7985.316887052517
7978.7559724269395
7974.110924351924
7906.490611648519
7990.249672220341
7991.209128669248
7988.286184430911
8000.594877226022
8041.628554173249
7951.282263961569
7955.2371762991
7995.161048994185
8066.718373137352
8017.7622385999475
7956.303809520737
7894.683588458181
7860.9486405395655
7793.528010419611
7826.656455571332
7919.862375149646
8077.831681736674
8101.284493584636
8110.914069931196
8113.988624842465
8104.708881494507
8023.096518918898
8096.090658932496
8058.35789132012
7990.302029395943
8009.000009125739
8018.092566528551
7910.262563311352
7927.674347981443
8031.0611814511285
8049.427077474449
8055.795548743503
8030.544813805376
7978.1694422942155
7959.376644951689
7886.319901294597
7985.795639113849
8160.285861479915
8031.170801852666
7995.265577060162
8112.386462915751
8074.587227894304
8072.214341413327
8290.476574548255
8106.75501221244
8046.139060514375
7953.920502758555
7901.791629380155
7978.4280222253965
8252.193522210635
8284.694875146673
8333.327089597939
8331.39501730612
8254.549780862273
8253.6393700788
8234.837786468412
8258.70199328968
8250.864027867352
8219.415799511025
8197.802483377654
8218.063018820045
8186.569212812816
8207.088555340571
8268.189406423375
8310.89922221117
8341.779306770228
8386.975697440485
8376.365570640473
8385.944704083873
8354.384467328293
8396.764857618273
8375.801413664163
8432.580220995227
8422.378627239948
8375.18411150357
8274.150188847523
8298.23628270466
8299.149791780805
8317.27005922053
8338.595581666807
8341.381880914505
8320.694190353686
8237.418959514576
8201.351587002393
8217.976660068249
8302.47865092772
8244.939596627059
8246.542832976493
8250.346631689
8250.725214818465
8184.988132266213
8230.82313990082
8232.758429977424
8201.343192007376
8240.191004001495
8258.723115281531
8336.117975233861
8292.552786621829
8409.461931835185
8278.695255364655
8259.02153931767
8250.490231530563
8382.535008264265
8265.174511639001
8457.090351827788
8459.008404653614
8306.91578234257
8221.640381078148
8294.523092220767
8116.270785774903
8189.925374088245
8119.078282124843
8049.853246359895
7939.898271853273
8094.251909376983
8069.000786879393
8308.318361718577
8324.842580526281
8412.63986305713
8336.736518922711
8271.337514519404
8288.920624551796
8295.850189001834
8396.919402363717
8417.075749302485
8487.03567258549
8430.061532348664
8531.399160964322
8530.421854246151
8594.112008233846
8599.673148210775
8571.251754069524
8602.37566969116
8559.854501373897
8567.764918551016
8548.985692499837
8622.76510283265
8505.823104122275
8497.3586744536
8447.959318461279
8530.719083779353
8441.968414026898
8557.864857776913
8499.196965435382
8501.441680629056
8286.07379108041
8522.447572340216
8557.215425693934
8597.139973561541
8557.612715750238
8655.017167259502
8491.486038338004
8384.168705646951
8445.195811191585
8518.875419961276
8528.149880949957
8510.586289995168
8545.248329148297
8474.780104645133
8485.848819470739
8530.499616761346
8560.22793173925
8522.82656981182
8550.303703896021
8570.967802389736
8535.95943861383
8499.561457862705
8518.452136004029
8519.609215206772
8466.306561354535
8528.978162954
8617.195686533767
8639.569991696873
8696.093002002139
8534.214978719701
8563.452215258903
8458.100518224368
8464.476120380146
8466.683513258058
8550.807409965295
8459.17766786515
8579.20941245086
8652.39805395873
8514.606736238587
8623.604645278621
8595.709252112607
8471.991461250558
8396.191580388222
8382.663782076357
8489.253186728361
8595.844397173769
8642.463139623778
8530.032055012998
8664.966899821147
8500.917632899414
8573.545761155596
8659.196361402845
8827.158392122285
8785.545485243447
8871.82238860163
8875.907714456716
8798.66063965271
8786.979252414494
8573.814695580275
8392.4877668791
8020.122027044687
8025.239071214495
7931.926165796242
7406.2279608336385
7279.714164468312
7558.402716959176
7518.4675334680105
7663.926678240245
8501.555514226628
8498.536587502591
8325.316068913331
8389.139545327222
7904.4689700008685
7898.702569965794
8196.025687521025
8450.829455808562
8428.436529849569
8877.116215873471
8842.083327410124
8842.379597462172
8821.903055461653
8932.506686852998
8960.439387398541
8946.20647407316
8927.099388778943
8884.559284684588
8825.59632217982
8807.943652687976
8849.657114347172
8881.649199936155
8912.40869209528
8906.016766897068
8953.688619132352
8982.856299769886
8981.159512089334
8931.522350100518
8882.203953079379
8865.32133940648
8814.288161648006
8806.581799517577
8859.89540590837
8861.58320830264
8829.744212460466
8776.161203725107
8787.539337109714
8730.685246677338
8737.597965566441
8736.741778721609
8781.084459648053
8822.94178495867
8835.392806328711
8887.552179426979
8881.553163270071
8903.058796960937
8859.0416257321
8878.237327990766
8860.451068276818
8869.452593359232
8854.92098043206
8878.304245877796
8896.833013554256
8872.307689377812
8898.81946738507
8863.049591596635
8867.801658218137
8819.935243725198
8850.95510385859
8798.13620754015
8807.942297811798
8787.131973668906
8807.711946186062
8757.038169814685
8749.425544088243
8737.366873715226
8644.147175449489
8631.281484190245
8596.146731690098
8552.86800474915
8586.040746135499
8692.035327861407
8760.922298884183
8812.612864939621
8841.453035771636
8772.272325983344
8741.761150745628
8710.816027390505
8721.505788867735
8784.253587633915
8862.628343969234
8874.340778445163
8876.659044571448
8888.582800844892
8828.740744996489
8840.975881859582
8899.316583138632
8899.544275059392
8896.053659817906
8899.174412058499
8853.685064320125
8771.796279053175
8811.279000804509
8771.175263784171
8798.919060139113
8800.208022883302
8822.162885727928
8812.602740722245
8850.323528735564
8887.771118692646
8927.373214996369
8968.441553959494
8949.610397139377
8975.736351251488
8910.791120985015
8893.511202045647
8925.789148734078
8930.02231316199
8923.56648391278
9017.390916230392
9034.138999255514
9015.511658772944
9019.193526048533
9027.422732391366
8934.77331360423
8986.783435259511
8970.384749912178
8957.270118275897
8914.762653949738
8914.63346932064
8775.90199162423
8406.112731660198
8434.733013321014
8429.975370435583
8395.16322188699
8399.964970490943
8623.483090342252
8716.044026513795
8764.67030335154
8931.670194470633
8893.647709116618
9008.960043895733
8888.461258783584
8790.458573883036
8693.939508560516
8795.74571490033
8790.864452596177
8772.510321190823
8869.524867934964
8921.613320199256
8872.74716379599
8777.64425552059
8840.351294372691
8789.766136484337
8729.355463103164
8693.106420112676
8874.893864145
8809.92600079788
8853.117615870557
8804.385386377517
8924.670244615403
8849.408602845526
8921.197937079449
8931.283135762827
9061.22219179358
9112.00985647256
8948.864892554453
9052.604532194797
9063.50079242184
9188.145589963806
9083.840335664174
9236.742972224733
8928.376098769339
8792.438356176339
8642.777067121553
8627.329802880839
8636.65174267251
8750.196562492718
8880.37790124753
8833.915045540403
8968.095914881118
8966.927568284833
9062.73781674109
9049.807013245922
9076.815574877042
9012.072591380911
8991.465659027079
8970.843863108828
8975.983736762606
9017.918445284544
9010.421462387201
9155.305652569543
9071.78747483897
9198.686575139485
9259.30500942885
9366.144489659426
9226.440367298417
9178.759470533125
6249.509467368742
6053.231570619544
5845.624665485148
5831.563122683936
5933.15516584057
8617.23169744582
8615.765713253437
8737.507461837835
8883.173303961106
8862.1370854915
8829.233846893923
6085.315660932065
5212.970512293731
5084.129556044387
5102.249133169621
5271.9384437366425
8034.072790503662
8786.794738957951
8879.30743948114
8930.602827988409
8790.370557054413
7791.925977666262
7806.6991436468725
7851.409430208024
7836.4063841445695
7921.962995661125
9160.058659690767
9274.776317299835
9097.517294162653
9095.458565743907
9099.558201958675
8918.844250062682
8957.590838924209
9034.309665655039
8966.466674952797
9074.088538398599
9087.351858591781
9018.81197798434
9001.241086803302
9062.983499115539
8940.067189512032
8963.620529516284
8950.701859562329
8985.765975491413
8898.052204945234
8885.811170902944
8840.425633760568
8829.197827639367
8852.97057118211
8919.97019756019
8944.799153972592
8929.042140537844
8920.134413862816
8834.68716460346
8814.723156925455
8826.007196821738
8775.647684178184
8820.768085348636
8781.73453394328
8700.966384547522
8678.37640412613
8792.734953425079
8749.608290657388
8814.6259260658
8879.303943359153
8880.593453002177
8743.803012163477
8759.508106930734
8732.044043898046
8751.911196666415
8752.623970948556
8843.926306744987
8850.264899273368
8876.298623448163
8924.71794047865
8953.274278635887
8935.80518561382
8930.271818623487
8945.574157872883
8896.735355733928
8902.194044867983
9025.802447283198
9065.151389435377
9080.305341882584
9132.592532990708
9126.35205541053
9098.251910396826
9101.845671929008
9144.204518240735
9131.88177411363
9167.374923648442
9106.19306842067
9068.440249897481
9034.438968585968
9028.47169097988
8996.989514498717
9004.01869376938
9025.487359362685
8972.315655576083
8975.342483731933
8988.81934916186
8995.914111566632
8982.97527995235
9031.898942975122
8976.907144399967
8983.985734961943
8968.154718903737
9038.723026604257
8981.347769458496
9044.129096244846
9084.12266172933
9050.491082539025
9001.02416876214
9049.134437855046
9042.313130937222
9010.49752670753
9033.512087355553
9024.165328535224
9018.568952049483
9020.774003945638
9018.816205614205
9019.554060620658
9027.342763737184
9043.820226316786
9007.148530530781
9027.644783014195
9071.095505944735
9096.25175984399
9119.934844685644
9231.894883678222
9232.376741835562
9231.364723204739
9250.227687204318
9225.722792782593
9162.696259742886
9167.37398996424
9110.689898161625
9073.156802944486
9064.21628273086
9030.677483456308
9009.98441865543
9046.583330964651
9032.283976689228
8981.873664207593
8951.997530731136
8914.99257035016
8884.282800695315
8841.041939241508
8944.533229288749
9037.202809110962
9029.305514044165
9126.988560458998
9133.122227824351
9025.520972682252
8968.219183688972
9001.068880713088
6623.081537553162
6655.868530434345
6569.742454947035
6627.335138685657
6671.840563127067
8929.620893851767
8917.323112517624
9089.083855705914
9110.9834678097
9105.636121441821
9164.169562677951
9204.811653119365
9074.819922666204
9022.5259387177
9013.469510212883
8917.170230584254
8885.247707600844
8901.579166129633
8922.548085740123
8964.514130064392
9126.234882272973
9125.86510291255
9176.016005528341
9075.678215704953
8973.15058433128
8875.21627227287
8954.136238746734
8932.379859595212
8974.021336945512
8958.304794524362
8991.072209880618
8863.267473841792
8869.48925242036
8964.756233921173
8993.038590097583
8871.867925416518
8890.102224252623
8862.600304289463
8829.78502268549
8880.285885955633
8979.587632035924
9061.866248555501
9079.515218738843
8950.25072571165
8801.143949367179
8806.181319226693
8765.223865282327
8685.168458953121
8763.357584222915
8940.263492552045
8961.346026324045
8879.773713069731
8999.945394746714
9054.82366948781
8953.605002739609
8878.941124564562
8892.93097446193
9001.620246884911
8956.123705967617
9015.237799789236
9028.776779498607
8969.576644439872
8877.415183998011
8920.092314473099
8866.598960647529
8930.391845953252
9034.894714891001
9187.073224763615
9185.325236779547
9041.008105727844
8981.950738651132
8940.515670515842
8757.988255534758
8690.60758014524
8907.299570882808
8892.922726306495
8914.394210369397
9031.411808798723
9125.299700589461
9029.34377892256
9070.659950790423
9028.956042226571
8896.60030671107
8785.69730077629
8860.16399060148
8915.276596383861
9008.799093319283
9054.75855878531
9141.010917044701
9130.810075642315
9068.246544145124
9017.81824005638
9015.614281931048
8985.978309958657
9003.104017462982
9043.55798505172
9096.365620958764
9148.657790615089
9152.033437010601
9142.260814960537
9154.990769250475
9154.094883643666
9110.761477125357
9112.322483138481
9130.049715451427
9104.371116560244
9106.44603213834
9080.024713167317
9080.94515180109
9069.648229051376
9041.117397327816
9090.41972473645
9128.900282786319
9117.955213069718
9129.111427980668
9187.68822576963
9198.992671955131
9199.399431118392
9160.144285210892
9075.456398069831
9078.915350533844
9122.161237264452
9170.7462855274
9262.398749096965
9428.330538918864
9434.1694008565
9315.503154352202
9073.113520911222
9085.55933585334
8959.092157085119
8798.25741692547
8673.677266312872
8944.343646677511
8796.047800446988
8756.974876790371
8823.6722899161
8993.956440391114
8800.485637710093
