849.5714070079011
1094.9331853689005
1331.1716177896647
1157.341658370821
1140.1203183175544
1068.9907174793252
1066.43897555897
1134.3745926628212
1245.4898112257279
1186.556419746122
1194.0410086660968
1114.3272606478815
1029.4084314481047
1007.4774398292177
1059.0773493339207
1093.7683144199395
1148.2702101422933
1132.7374249688423
1103.0091080653428
973.6705191569304
1016.365694985878
1015.1376281952632
1015.6185598719558
1039.2389035803385
1166.507759633922
1007.5306791682004
734.8420126851877
763.2842824156711
822.6716392496721
533.7540776886763
581.2627456901353
899.6198639302802
910.6368655449364
777.7725557465766
1207.485322196743
1246.571677612481
1146.8516013172998
1128.1108340807689
1250.0009187250946
971.6352952285818
1002.8060140825606
1072.8060714572564
1144.681948295301
1074.724022310271
1155.914333833576
1155.847773892164
1149.3522187084359
1071.6759096850503
1051.8749931020106
1158.2136750891646
1159.2240184187776
1196.7003267944656
1205.3045912219688
1194.0191594280634
1110.193918757154
1140.1237292704684
1114.7928660260784
1085.304936392516
1121.1610778685842
1165.0588394169388
1155.0267874357837
1107.3880644791784
1097.2425166799571
1153.8246495949754
1135.1619496655821
1085.0665968501387
1167.4519421137652
1176.9497972532236
1192.3757855899248
1206.1063265939756
1285.4586168264032
1239.094470978269
1269.8515503246708
1198.0093949245925
1143.135184351801
1099.9580060661742
1115.8279082522577
1108.323125789165
1176.7117550641315
1135.7181640286965
1097.5147250987102
1085.5484961902534
1077.9886199680068
1079.4848917643108
1172.8830575480122
1273.5625446750782
1277.071386544502
1292.6819779360562
1215.7197899022212
1258.0138976334415
1199.778293301088
1197.2447234717451
1200.5847456114252
1250.738909979739
1152.9947283390152
1174.8979728421111
1222.6288123359673
1198.7773037889876
1144.251902502609
1219.9107357539076
1195.387873988734
1166.746825711673
1195.396229855093
1198.588124034301
1137.4137276888305
1190.8560645401133
1175.6721079168362
1159.2509329970846
1181.4294420161282
1266.7883169152924
1190.8684398944863
1164.5286970373609
1085.1080148438643
1041.3654478503731
965.0614392235965
989.6218810179474
986.4293818879545
1133.8709469543958
1079.9740017374493
1083.1769742847405
985.7658979995407
1005.0580004261026
835.7291725343908
937.9415392203263
948.1874235529273
1051.016093057365
1034.3705258575674
1161.9195972526782
1160.2689173680474
1231.0115653375353
1225.5264592488354
1252.220159353892
1252.1908562175277
1306.693858318614
1326.7229630460984
1314.2950346257064
1342.1712699161296
1349.091319301363
1235.8401438221288
1157.8563285386736
1104.91737619817
1065.7634582924986
982.1808144451712
1020.557684305662
1021.83819390901
1100.715698651276
1039.7922466000316
1036.6575057285777
1026.4958425210016
1024.058551445531
1003.8445379464198
1073.6878734946204
1191.5286637979248
1204.463907020663
1210.0065496935451
1149.708197075898
1160.937513753948
1066.2005381984075
1107.4368053612825
1135.9053408458246
1213.283360715748
1222.9444214533453
1195.0310579409934
1116.9603219859641
1020.613114220057
973.0807549190105
919.4755340770977
957.5487928739303
915.1728895163039
901.2748207694492
825.7907860034401
761.3877531828232
766.345232167258
775.6161759892227
895.9237693712096
1015.2076066622798
1131.894527278107
1120.1686127621529
1007.1434080482286
855.4907810170428
919.2782288018061
844.932675983239
1017.3253676814813
1142.8642426221902
1207.8052772690828
1145.5936512961491
1168.2215555936468
1047.917765799768
1017.1557667335389
1039.45359953418
1012.3042471556302
1031.0812338080846
1011.944069202897
1085.4299543715533
1064.9606410341153
1072.503491841752
1081.0111138203529
1077.108222825977
1121.4083126835662
1234.1896844794517
1226.2746151927854
1220.0934138558607
1231.8465449563832
1202.021783181779
1071.5346212117806
1056.8942045341055
1090.163735706125
1054.938179493507
1057.7143358416915
1123.7091687748548
1156.3738041550196
1133.107592529472
1191.7081612689572
1179.782718448607
1181.5683696866788
1192.0020435992606
1202.5628448630985
1193.4919452445235
1154.7448947159467
1158.9536562064304
1131.9756079794138
1135.1594051767383
1081.512633333842
1143.0328882572398
1139.0877237234997
1232.452166965843
1234.7748690632197
1290.7530108508752
1295.1533214038814
1376.1282066782169
1263.8244603036676
1267.9451165991948
1308.5453667647582
1321.5659064577276
1253.8770756381232
1327.9324491220818
1309.1712252963325
1294.9255628820679
1247.8628707759945
1303.6835386677135
1281.3171775359076
1324.1031908640234
1388.5102003360948
1380.717477530972
1419.3306177708228
1321.149081476923
1041.3459934417065
918.4198388690577
1143.6786232130462
792.414174740809
829.5318637989819
1046.3482541707413
1064.2795659775256
870.9885873991102
979.8520481020522
1016.3285869459329
996.1581283113487
948.2122625211919
969.1064176721684
976.526859420266
959.0524180389705
977.0130401106534
974.3395650992112
927.3713285714977
1058.9148183620714
1078.726249072816
1019.5121814639538
1086.2925344428609
1089.095512021146
921.9319001070929
970.1102536406396
1127.9942209198316
1133.1727440749605
1120.544419880137
1376.0806623169424
1371.9542945788821
1312.0133609350723
1096.2489984948027
1090.5952811821044
707.5913777204423
620.1547975743517
542.0578875102311
609.9930500409006
672.4911838370913
891.0824335263565
958.9603053868241
1053.5980654265836
1154.4553833176692
1096.5541900771875
1063.8427521027693
1068.8314805367243
986.7734560832947
989.1457125954282
968.360725014952
1041.5881932968473
1052.1621949558175
1091.2709299842306
1100.1088048974086
1124.7284664239246
1172.5210080611407
1161.2343717638853
1167.35758541204
1201.6629773223824
1255.992477485476
1228.2760993627708
1205.1125781897192
1230.3555636901435
1247.1323200575464
1250.09986379567
1243.661882635866
1278.4883160297227
1061.7402775408875
973.4067510424046
1106.2645305268277
1186.935125887165
1192.222676750963
1338.8953025142575
1192.1252057290883
949.9472018986123
716.1311312438968
723.0100033619852
802.620462394529
1039.8387134340373
1066.189560324942
1262.7747607251424
1170.2401329236636
1156.745453007415
1149.03313471818
1141.8835972977301
109.13124261057169
250.36786473534318
367.8645461615272
318.5090143805886
212.30754059552447
1114.0875280687128
1032.4664664503418
925.7452233950197
954.1404029343128
1181.9159006650225
1245.202404698223
1268.1133816360039
1139.8751324257587
1182.5679033235
1121.3324461689667
1143.972568955166
1092.7524378006374
1147.64776402204
1004.1314120845001
976.7606057386257
871.3969004515985
902.3485227450651
894.6796226388175
952.8885152131024
962.3459654150669
1007.6848291301785
889.507914195514
988.2095011275198
1072.5290050124697
1102.3925702377246
1178.4042291693936
1349.1777220627323
1333.4780032578524
1194.2565834953148
1071.2619306049983
1018.6980271464645
999.1567457749321
971.3951434933251
1055.9192451308804
1233.618718728597
1272.6603396368075
1166.1654157120297
1145.3182263849171
1119.1884767051813
1024.952186330073
1096.1934237762448
1117.1234373664029
1152.2719802345728
1133.3732326726463
1128.5952940561974
1046.6391620058164
1093.6228657025003
972.2719398451441
982.6218938457754
989.0357955263091
930.0482190169618
811.4296742956788
875.4586049477226
878.2958097190105
856.1049889067576
970.929440738717
994.8230305515822
1163.704396013184
1306.8130069156418
1297.359456418861
1287.015934263526
1520.4364766064136
1375.1923908126362
1249.4692029199073
1368.0017091985371
1423.714021314488
1244.749234358589
1300.4268429230813
1373.2671794148919
1300.855691222411
1288.6590586722916
1365.1851884378734
1331.930287227929
1289.887833646486
1336.9174786651477
1285.5637458903723
1222.4311414918943
1243.8981222166044
1220.2039600444962
1198.7461946045028
1172.4188095430782
1200.6609739330706
1217.377670685015
1271.8215630950094
1253.2864708067386
1333.8347932299903
1261.2185121910957
1230.5184567539732
1192.6531639249629
1208.222282810913
1154.3856308558084
1172.3192501189676
1157.450733807335
1112.2874093724047
1166.1866154106224
1104.282170939739
1152.54846705812
1126.3091237411204
1164.4237586530512
1087.106305780253
1125.6112357523216
1122.9817599161279
1186.4357242506137
1109.0994165123225
1119.5250923576161
1128.0907067218848
1132.0963585777326
1095.170321652761
1166.4337676474827
1216.3760030181893
1200.231960138677
1173.3000063324707
1224.9682291554823
1240.52525081184
1178.0155005633815
1185.522989302402
1186.4612667578394
1082.3415172624682
1073.4190503027837
1055.6061048266251
1071.9145986142767
1084.945094415858
1170.5670378726816
1130.4471811930193
1207.7873517835865
1238.9748374810215
1244.2619660038176
1248.4719039453187
1341.9916100476205
1254.454071490568
1234.155874116033
1229.8773875149348
1260.212079796244
1213.5112266120873
1267.344394150875
1244.4546905110974
1330.4966026945444
1247.821395823692
1150.156865620692
1187.0540873477557
1270.6478599298644
1107.4048862298605
1059.8117508919977
1138.939569493102
1084.6272327944375
1007.7573907515664
1114.4064902455107
1219.023414122613
1247.963934261306
1241.845516583796
1264.1368177647955
1165.7562498475654
1148.8841984057738
1166.191873164819
1240.6029591089346
1210.2481728371797
1302.773895604308
1310.978338487063
1302.223430057357
1272.263125065681
1343.6243756615302
1365.3750874471086
1383.0689343012684
1397.7447250946593
1424.5111005588403
1449.1001705828621
1442.5164072191715
1385.4486833545582
1389.6495169472373
1363.8495104089884
1230.698737715526
1221.2463687189515
1227.9682478253737
1214.9309736849507
1255.4270508422162
1356.5894073752409
1383.058774263228
1351.0238745312301
1354.3190218789496
1263.397772358887
1169.9933117213566
1133.5763103352642
1140.645352498895
1087.5175503475898
1162.0264981886423
1206.4226626398638
1191.0630731689719
1332.9794113695905
1296.9061441641334
1147.30329094581
1110.1157645311237
1030.3516604640408
859.9105939982807
941.1893899680398
1011.6244982966949
1021.0241057275616
1023.6981436680943
1099.4869906111282
1013.4673804902546
1003.4335096383867
1025.6155368503498
999.3408378024242
941.9366795218505
1053.8040708577562
1070.8516266964925
1124.0242288733175
1196.4358047167398
1175.7940363495843
1073.4041759940949
1082.764471209184
1046.9734511644779
1085.0315502791734
1194.3141978519561
1190.9878493056583
1234.7584475016092
1254.7852626785675
1236.2084441609193
1110.9932937335109
1151.1998026811957
1177.9115864575715
1179.6604743395615
1194.9385616496743
1221.1153625293878
1266.284687078788
1101.5143502010085
1038.0009192229845
1049.186188374941
1074.1937400346965
1047.846548167599
1120.2054727822704
1173.9919970494586
1070.3234880883633
1077.125283630728
1044.5258553428234
1052.0733866646221
1009.5454786577717
1123.9431191936005
1036.942547244507
999.3402717425865
982.4286009675986
967.6864763550803
1131.621896261119
1209.6215555284327
1259.9093907540712
1287.3813161169694
1233.877525688289
808.2502328100578
597.5779828970132
432.54028028725133
449.00004876271316
578.8002615308428
826.8138539918428
1043.4387962353921
1227.6903522097168
1342.4966727783867
1404.5273285408339
1486.0415545303704
1546.0258668160848
1565.6737727230125
1497.395804880691
1464.9495571621292
1413.0621443359641
1381.819754418307
1383.430016098635
1312.2927177846
1268.59635464728
1258.527359335454
1252.9369067057078
1198.150594756776
1251.682560326085
1221.2761237405716
1188.714461645248
1179.2498729622123
1145.2499206604973
1096.2836326630938
1050.5906810454005
1049.95031474078
963.1628389183063
974.1794282418919
1000.9492912729481
951.9086040099833
881.0894163770035
965.2106043861207
1020.4483702863351
1099.3148315661078
1224.258870985852
1294.973821555273
1345.3228046815696
1355.6033078216997
1233.3899837441588
1294.193627225052
1325.6360995309783
1309.742532961953
1320.3544440056967
1361.4239643858787
1330.2883920098961
1351.996054989067
1380.0788538191866
1445.9746639678406
1448.0932993797314
1441.3006310172077
1426.2359910834984
1431.151986530264
1447.4892820197917
1489.2808323740553
1426.6257161736048
1511.7455810749293
1457.2788171612237
1336.8603244119065
1281.544811202831
1346.8514734857322
1266.957183490411
1284.2728075560872
1328.8110263349815
1301.4661968024789
1301.5329806641494
1262.5236419826288
1250.1614677603284
1241.9498400763423
1294.2311153605674
1247.1737981167616
1224.0634119965255
1302.9255082901057
1301.7530556631878
1331.594811446395
1372.2978465718888
1411.164381853852
1370.8697278966429
1384.7459706233753
1330.4839328998307
1284.5266677670288
1303.9053415855492
1286.2422878435088
1258.4481360114626
1198.600839341018
1140.2353829877159
1083.3436795852213
1056.2191152142987
1052.4534060717701
1114.339665434787
1165.9626552434966
1191.1145553656756
1200.9137624261575
1196.7206418993167
1200.1077733758937
1214.3258234790903
1246.8098175493851
1253.3424280834183
1267.6208233194575
1297.680673333158
1317.0630181079218
1303.8167449034167
1315.713893231856
1355.37547088312
1314.9426985071468
1290.3631915157878
1278.7323260456033
1270.8389732500266
1219.1912931862541
1201.721489993686
1156.2789649942424
1170.7564254245472
1189.8693684814484
1193.593410495244
1198.2025012043518
1229.2604557325892
1174.5034851347318
1106.111314618948
1046.6888395571102
1075.85153814343
1161.4093525196313
1208.3624214896895
1181.0797429871407
1160.348349959503
1096.2407011636146
1011.1495124937462
1042.1661305071445
1149.3951934009947
1224.1382344141343
1202.4464833285724
1271.2437498899926
1216.0815385172955
1145.2318332758614
1136.1494724519182
1201.1206864952596
1186.270172767709
1107.894591383002
1201.5126371706183
1154.1339666472436
1099.2941914405158
1101.6732455741426
1138.4641113932141
1052.35276081429
1035.7558242600746
1073.5354210096643
1084.0575518771657
1132.1521336778337
1082.219177728795
1149.946096371147
1196.8438139135126
1065.9682680278693
1072.5104201944678
1175.0016478618813
1147.507685556775
1096.9159682356735
1213.1285304280882
1216.997430880629
1176.7759102765497
1149.2107839848356
1193.3184327246431
1133.267726941447
1174.6283817450126
1165.9984275316463
1257.3009742475483
1300.0522822646974
1317.6303171425936
1261.7938354096411
1190.88645684114
1147.909026988952
1081.2059241678585
1065.9946601850183
1055.0516070343326
1179.4891641250804
1258.625480008646
1249.1944706807246
1263.914289610916
1260.5295943399278
1290.1759506249714
1212.0863083559723
1193.5603840539266
1211.9085849730618
1298.0501765347049
1298.8082451249986
1344.4209798622792
1378.4168117314548
1370.6793840821742
1255.8192306388669
1279.488474440022
1296.3082507555732
1395.6580665890526
1385.9675669937722
1302.9988118159813
1260.0367719663748
1095.970488038851
939.6604820304804
862.1042404364894
958.925986692815
890.3677304869072
1140.9263215692122
1252.8426527679117
1394.6116389521028
1114.7651263946327
1114.269151267808
1059.6382277103662
1099.5873383109877
1059.5989607891495
1338.5663150275195
1380.5616372923043
1307.002442024624
1354.548542037908
1433.411456528266
1474.0929160457174
1425.2636336108872
1463.2981761171245
1349.887330531295
1265.1002319172708
1218.968477921971
1259.501856737875
1257.823180216021
1293.152316156976
1201.2639015176946
1318.1092340808714
1295.4384929944995
1254.1294809890833
1196.860297965492
1273.8966995437663
1145.5725146930918
1117.3809884607276
1106.2195057227534
1096.570960832531
1085.3289288771687
1157.407385873301
1173.9533961723
1203.6969625644424
1189.9999480830961
1304.6340748674306
1188.230294239847
1146.7465430427426
1054.7214469521978
1110.8355727447215
871.6191810890563
991.6261539133064
993.000552032416
1071.0377944286315
909.3170315154965
1058.3005364674477
1011.712291084677
1058.302447818931
1100.637260428129
1329.5319820502777
1389.3850140296997
1375.4798744042944
1276.979622581103
1224.8577191814811
963.6247678144687
753.9956367413143
789.3674332782072
972.3016729478575
1021.7184261965178
1264.9175640081253
1288.0328535434396
1129.326532748566
959.8357991408911
898.2788942659032
869.2709716394916
518.7035808981026
811.0749512005934
869.3516940145508
848.627144138616
887.7818274334536
1190.1458850065162
1009.8173043655206
701.3652909128908
714.3087818980874
477.4980719464282
594.6269917792121
606.5881537689288
1002.7502183021695
1000.8537847962002
1011.4432460817434
1044.4174511876463
1104.9529958237777
1127.6128940086867
1064.7455828833622
1276.7175023550783
1185.5867631107533
1229.1360344985392
1259.8145406221713
1318.2609068952074
1358.72763201412
1419.574659371713
1278.636954095026
1182.5662038531827
1066.7253073664801
1079.5617867767858
916.4367590323218
811.2103925831289
848.6558465488592
995.3897454964076
1049.9662004169002
1355.8010462287127
1543.6045185891026
1457.0533112561263
1458.435244637476
1332.0793327200913
1241.568221974881
1129.554062165103
1175.7547393900995
1113.5026296907333
970.2650677832303
980.7179795738708
1206.5505919439943
1207.472436174382
1281.1687283339934
1380.326622049162
1369.3325690427237
1307.4903991297804
1379.485449451355
1399.6177725963744
1374.7069358667977
1451.4395560547966
1444.6303941590977
1470.6682656103044
1473.9372309729308
1500.4335564254397
1449.293787829688
1434.2178159522837
1306.9115738845028
1295.1315252925297
1297.710359951634
1292.51842081199
1233.2157135569503
1219.9949444295385
1219.733006851249
1200.199458152272
1206.9140218776588
1287.0097508273636
1318.5604574476679
1330.4516275882047
1334.554852727591
1297.593136279646
1260.5190819104168
1235.2593569840724
1263.5977196948247
1273.4212553197203
1284.7880933672636
1333.4263403690734
1430.1420718256961
1403.238767801248
1387.8051490768007
1377.9993818515277
1310.0451268990103
1190.0123313742515
1098.3264063619558
1046.7311593914792
1054.2833988128637
1069.104382515793
1127.5420092229692
1189.6042909133632
1262.3365343959708
1198.4482461396465
1177.7773856378274
1165.6977819238975
1199.885306174064
1181.0724201260898
1258.327881831167
1261.956237004166
1257.3850149633952
1233.114276585085
1192.6011389180276
1194.6476656665764
1214.1121711448209
1295.478600193408
1252.5507366340037
1291.5713932195772
1252.033395427768
1216.2889891770974
1157.5893030157922
1250.9888537834931
1282.0741782891992
1324.168744965198
1361.3336324838642
1334.9171726914458
1233.7012513899451
1082.951406312905
1039.3346250090701
1018.7223228491688
1035.430232796148
1121.1401019306031
1239.9343119306432
1227.296364683812
1202.1109720322727
1128.1351119122428
964.8824613587351
1034.8534787491903
1143.0606754010366
1145.228937059037
1217.0720426768023
1336.3932642911523
1348.2002111831878
1259.4811161635866
1261.7914173874603
1194.9590041931128
1165.0865362769196
1093.1798656520978
1182.2935665119523
1176.9798684592583
1295.6229357585976
1307.243999382067
1300.574075059246
1276.0213910329376
1353.0394139155292
1309.7038685219054
1333.0979355988466
1090.8013867557365
791.8844227849015
