-12937.690177603468
-12803.777647145062
-12004.981891589743
-12059.876023113613
-12660.451576967635
-12751.07970615337
-12965.124359120098
-12858.219542888146
-13359.540437939424
-13781.247305479836
-15173.378524298942
-14037.911217414241
-13268.997080471778
-13844.459681004217
-15088.458485033763
-12264.652711962219
-13307.726409981828
-11667.871988471763
-10509.601959697171
-8103.233155501631
-7916.6673227633855
-7719.2943425148
-8657.405820800781
-7442.7614529720395
-6359.37734745787
-5946.317311634266
-4084.7969419443343
-4992.405689473611
-4873.350057736632
-5459.072807317281
-5457.058905083639
-5701.3897920015015
-4722.212417109031
-4494.134271699937
-4360.2579788582725
-4481.024444601841
-4598.765132802902
-4529.027352889154
-3860.557794631682
-4024.704201716006
-3951.469753175184
-3583.5499138227497
-2811.7979939911806
-3394.2119903203707
-2429.4005131343683
-1851.8980622366566
-1995.2331083993918
-2030.1297044960318
-1563.8286553194655
-2221.6903122146973
-1617.6083558790688
-1134.7915141187632
-1219.4603837224108
-755.0980878615151
26.007534416195398
-211.78399358375825
-295.9223168271217
-209.21381586946686
-408.27384807324944
-59.0551951410456
114.6338221585986
90.7473023177846
244.07405528013152
752.4635034223818
793.1188649393127
970.9011112259623
1218.5711989216168
1167.6148516487228
894.1827667594474
856.4630519053931
859.601527997826
1396.3919633315077
1761.3841989509524
1910.1588825421143
1794.710441737425
1607.705893230824
1002.3577629536891
1158.8519799167732
1207.0254553160007
1213.4019315596174
1637.307407018959
2207.286016806108
2122.216476497399
2200.3829844508236
2117.143402380211
2314.4358189943478
2332.9739994304778
2511.209240108556
2487.8243805248044
2552.5800697839554
2442.0900565066277
2359.504473430467
2268.8915273223815
2375.8789455505857
2670.791452424294
2736.7985425806637
2826.441510480796
3008.3826364961214
2949.514377947471
3029.396591090559
3106.311505199298
3008.2286758061828
3012.324321003993
3226.480355835056
3374.113773664185
3331.1654672032955
3481.378774240978
3442.4407943901415
3618.7486914535966
3510.7617556695614
3688.257315807619
3768.29778674479
3805.3281409615906
3645.761432172674
3748.188776955124
3727.7354504229093
3886.005858017591
4115.646585546641
3862.5118186928366
4098.516344583311
4123.268970985848
4150.501123120694
4411.824190658962
4885.579817064399
4623.374734941803
4612.609947672452
4319.56397181064
3796.0822736844975
3642.574585473794
3619.458820400168
3732.2375665723566
4142.015376483092
4338.824130947279
4479.109657585977
4816.346398041203
4664.475122157242
4409.731904513308
4475.028887394172
4541.81816990917
4360.745426766141
4529.237772567136
4955.003510934539
4745.54531393932
4888.868636497896
5318.66686394838
5716.617711899648
5648.215172728791
5930.817994664444
5887.319773094603
5401.192257489155
5087.060402088448
4995.726490294592
5088.7780302319115
5118.459497367806
5446.415717162345
5514.225297768986
5525.858933966391
5512.794016426546
5467.531530215085
5271.753655351789
5317.474442817803
5484.310875197174
5449.046028461337
5498.4890301992355
5753.195465392089
5740.0902748395965
5655.597117617633
5768.617589952273
5799.60500825891
5729.422913782602
5664.582283438016
5685.97857894891
5584.340873705909
5688.632607381819
5772.141520058334
5988.895586345786
6118.519980107482
6268.126932513441
6318.720792212686
6315.67961173368
6252.68867209985
6247.906394567957
6334.8059832844565
6228.742267266815
6203.281815411032
6210.981384827031
6061.010930227048
5916.481859872429
5956.402811577475
5908.214300886347
5926.835482583873
5965.337724076139
6171.795646551287
6262.11222576242
6347.552965098032
6376.69947185447
6487.568560218046
6418.441796948723
6334.113127416189
6504.451252367525
6539.091716474051
6468.236541706378
6577.237865173775
6799.084198444416
6726.882309615615
6806.313665554381
7044.053205266421
7025.531349940137
6944.406934601697
6973.639077036938
6974.358754449396
6931.063523386466
6997.187304781492
6963.046689640167
7052.504349902834
7061.092709795107
7028.901208505572
6870.166491797348
6862.601597681454
6783.635854311184
6827.21743515167
6858.248589380215
6972.598332101423
6920.297254085569
6902.0583278219865
6846.670314175476
6904.968445772439
6856.925022744059
7014.133340566582
7025.297963292748
6980.828265857827
6903.733355586961
6932.046352837854
6922.704292347377
7066.84523890257
7155.235714618326
7192.5366388647635
7301.2944915813605
7283.047687655108
7254.24145196852
7268.455876594741
7257.283399719758
7314.478280835927
7344.581596970211
7293.3571123145875
7176.905359942687
7182.501908720876
7073.190058117141
6950.872359324085
6918.905988234974
7023.529846019495
7122.776655552723
7088.34838077519
7334.059122054344
7353.172822163644
7294.396616118149
7203.402232365106
7277.231447776448
7108.513321275328
7066.544072376637
7247.43951147876
7291.9157385215485
7292.220931803162
7381.733710157323
7521.161957673996
7453.058797829528
7474.252453285284
7570.9806776112255
7636.748349883442
7594.916418903381
7647.400764151221
7561.706180456461
7494.227967882407
7435.843218257888
7442.00563224544
7403.94269984857
7522.917211527196
7418.971082854767
7412.642124971601
7364.691025684485
7372.437396637201
7349.556502950506
7442.871868789544
7418.917303488603
7433.194336852003
7281.913380607405
7284.952535084883
7338.927491540902
7297.758049435295
7451.554270280342
7495.488258825045
7310.833733129699
7282.2314088861185
7225.365009550265
6975.432528925215
7156.8087306277985
7291.122596132447
7257.07788167549
7425.941973015299
7589.982834166704
7437.842668577286
7626.319637807239
7457.223540554581
7452.546670278896
7475.069986045851
7526.120861398552
7243.366330485256
7349.205499493693
7299.014589235535
7165.223497090977
7171.579463601165
7264.7567228329335
7314.313751453393
7370.539010308832
7491.0267345206485
7423.724800033917
7511.283391064098
7694.399347729005
7637.325911857937
7563.6308727277465
7777.419928504948
7644.155659874277
7606.7672570044215
7573.0290715671545
7715.030537594232
7578.844188835215
7655.897262626966
7512.132358281518
7652.573982711165
7603.681811270126
7614.748086293623
7705.257551660092
7765.330498233376
7651.225481287291
7635.880103873285
7678.020522731596
7529.8409274782925
7518.329217277662
7565.061445929645
7540.192162464942
7535.451318349382
7674.427029968697
7695.298628701458
7729.351109965028
7703.7915244863925
7698.815458249472
7663.688947682639
7631.3272705962
7627.693639796149
7681.466937246521
7694.597369409011
7725.653634779854
7730.518014761579
7761.635928438926
7769.2704065670005
7772.307908415869
7823.534963261171
7885.911727069098
7913.4728506327265
7927.109864266349
7915.31580689925
7798.328696288617
7745.8218671050045
7702.938584263446
7636.441497430483
7680.229365170623
7830.6419488454885
7920.644017153338
7853.592917219618
7978.824303607071
7967.811683606535
7896.187238984051
7871.084941035966
7960.833395778657
7923.069701329961
7920.660508434225
7932.083623942566
7971.931265866978
8040.325015639435
8021.974869977749
8198.379776985852
8199.418675109122
8219.683670356135
8009.922722425327
8098.816190136028
7915.521970037807
8058.5779778875285
3915.356197007145
4161.203139230893
4107.670709516758
4083.6839969210787
3963.1520778257554
7956.237055020549
7858.030657896474
7593.520096261922
7658.936549233488
7439.91092929572
7573.777473566125
7657.706100871001
8051.676858289502
8151.409427829243
8344.65203556129
8278.381937916387
8104.065541530325
7992.697456569174
8066.437779147665
8029.133939437578
8092.413435313471
8181.415643801516
8113.510532255438
7925.301621313521
7935.278417652116
7911.527463361722
7932.438483752485
8058.864408237414
8028.833152106344
8121.180360203636
8147.231534713043
8169.053699821982
7926.95938340857
7991.4200987174845
7869.632949753401
8030.4431537152095
8101.827858183212
8411.171196780211
8484.22481856681
8554.58256954448
8384.746057676166
8383.543481459908
8335.500259825934
8306.073498535894
8308.310515443749
8338.436993688241
8196.192810672252
8176.193805112898
8183.14435933736
8259.338542127216
8234.830296758115
8321.111591842595
8281.385838285409
8206.180115675768
8155.439410757732
8165.895331839338
8249.496839923331
8243.094421207566
8311.30836428887
8282.85128618058
8287.934713531771
8168.852571745769
8180.271555029566
8165.4719578944005
8254.035521962547
8283.49833255967
8277.949479009892
8292.115549336393
8324.175703689896
8361.00708915104
8403.468342728864
8478.085702705755
8467.61182026371
8496.899701420034
8452.371398499705
8425.581822037368
8471.72556289496
8499.748555431945
8475.771174998246
8448.68426322678
8443.142978349828
8408.449003971627
8384.89808571504
8380.441364924902
8445.250891986274
8420.158989810923
8405.770542803435
8427.514154207438
8425.586034302654
8420.411434577612
8500.496020316878
8576.329645624859
8574.0834730516
8516.026214829566
8482.116613731245
8425.348449016405
8392.65864225811
8434.341847125248
8474.782732117783
8468.523205913889
8425.693311756188
8367.387529549458
8317.89915692291
8352.779333592596
8324.611062315002
8369.929499277467
8377.866509853038
8450.615332304707
8470.369512310877
8487.545893356035
8460.880789494273
8462.86814524655
8469.23691475209
8471.523969342454
8438.829307867138
8423.97108097489
8431.79702775833
8371.199800486138
8336.14919787054
8428.835305297673
8444.182254094014
8406.353926296164
8360.63357211039
8349.255830165723
8315.371747575042
8386.811278816534
8403.41889728057
8453.917460113506
8458.926241537885
8453.96862846004
8444.589959330338
8457.099311014945
8429.74187637218
8481.643546269908
8497.140930125192
8461.030143388172
8511.28219073989
8548.76610646032
8532.78210118341
8574.795307720628
8607.811019658147
8595.810304029354
8568.024772831752
8611.125521783353
8650.166744120997
8658.53530762966
8657.547935783577
8716.213817460928
8655.54618026902
8559.795023928767
8531.727523255015
8578.827998685467
8636.980639704027
8618.430973501552
8602.27532065654
8666.090951615433
8639.110505578556
8577.043965690686
8625.223867662166
8717.220740254299
8692.80052519502
8761.489224579704
8767.123209879854
8769.417296639307
8769.587861521783
8819.40467816422
8706.241038793254
8761.225934800623
9012.965991666919
8802.649919255122
8754.764603112191
8718.880439528599
8721.953272903662
8307.22790543521
8483.542917344414
8473.935775282062
8446.863494840873
8366.365785050888
8559.913748740075
8490.053883044071
8572.986876126959
8788.519538156303
8781.859888907375
8725.9914389328
8806.250065580189
8685.912675078122
8562.272503631386
8581.51609416786
8560.468353480986
8652.087000320826
8451.37002151617
8412.773637945991
8429.044074514797
8440.12108615001
8225.150737554908
8335.873124037385
8189.10232344077
8217.119721625433
8420.81069387684
8229.000803276116
8308.75209624575
8435.91775032218
8359.356434209367
8307.524682492241
8658.991257142388
8689.482076803331
8791.447362860235
8692.570535448416
7476.798336047568
7309.084271885782
7375.837633848285
7387.907913178093
7340.351432575991
8327.769483739901
8461.012984198995
7885.16492263865
7820.86561278266
7999.738841627259
8045.452063226632
8005.522037801194
8593.654237122857
8633.75862161557
8589.946895166859
8698.682366485871
8702.223602552702
8608.059070105257
7610.427783331337
3995.7200497114204
3976.574512678909
4128.326452697103
4022.1195361039863
4917.453755765837
8627.619764818397
8592.406231886249
7474.705515420721
7709.847112530184
7872.0365857809265
7876.722791738521
7727.25745738935
8835.021776451225
8766.895316895618
8730.880754170907
8735.674162190322
8412.128333930312
8207.852413085604
8037.708587751985
7918.534199817025
7862.827045571681
8173.566746755158
8335.829652014143
8412.133052345158
8513.67190669016
8391.009176077083
8565.077400807562
8496.97909599239
8520.340234147325
8492.234517494664
8575.97986434031
8499.917608878706
8429.671231406155
8429.87415170932
8388.046016595557
8358.749916852876
8366.117617010155
8452.74672407014
8461.63030844516
8382.40672691571
8401.87336444314
8461.309941916792
8395.018448828869
8503.184664503515
8519.701495892796
8568.563309040364
8602.735275490484
8674.650783492765
8583.695258628468
8577.528398160819
8591.449034482219
8053.150682448645
8130.710017382913
8132.833023082203
8258.76891153657
8227.208298088788
8720.788861291256
8702.538495397263
8760.14655145433
8739.170257206973
8711.069680972185
8662.132889265486
8537.23797053772
8488.836752593013
8486.978536922124
8519.079995444223
8616.810758698419
8630.088414277181
8610.279324551451
8624.699402499433
8589.611030494392
8537.182565175806
8537.292828999682
8486.625054397931
8464.732145948996
8385.313960368685
8411.06375803476
8429.293683153086
8423.956442268238
8548.603576884092
8745.306579119922
8664.338165742996
8650.870372093092
8729.557480792902
8089.464103412934
8098.31631199742
8197.656352930695
8105.389919431255
8236.957784605009
8711.752337339785
8711.54596100293
8634.63670684568
4592.8287248056
4421.641581097842
4388.811468771267
4393.393988222988
4508.150321955574
8713.838033061638
8785.397475014288
8918.316966383689
8485.967296682598
8524.865291876644
8470.565289641872
5561.074739238041
5474.241425176826
5834.422827781841
5780.363912239508
5937.434464469476
8758.31145308941
8872.509280784936
8897.322292684927
8921.87976941435
8764.405681816006
8993.995742373443
8947.821546461138
8885.521994139152
8787.53823814231
8858.020611209551
8712.9864028596
8712.954724648192
8831.484631655474
8875.665355759862
8807.18331523917
8797.906742897718
8780.125840369725
8685.55540276924
8602.09260022373
8608.16798719774
8583.406703676237
8651.254014282586
8578.24494623525
8609.286578342748
8578.874234986966
8573.950483122197
8488.20832602135
8600.818258477042
8706.730394201759
8783.49586256398
8807.20363222617
8836.63881017312
8842.646995563544
8821.2758706266
8795.509998035584
8854.163521966497
8789.246538451493
8756.69822778585
8691.406374534718
8677.882640054033
8636.633548455155
8648.046464746201
8601.553231776132
8680.64010670752
8622.21514223811
8460.169737462737
8314.358643847898
8239.213184824508
8118.911285343643
8062.386684600066
8149.51881305936
8406.897640913208
8389.178414326834
8413.534784912858
8562.28762222321
8488.801154031873
8411.626450427377
8499.428065574724
8502.588829559498
8461.240830576877
8559.261051090174
8656.98935588884
8713.404927044165
8747.018520105277
8777.507474864256
8755.346603778036
8681.906899998903
8709.483949041385
8701.6302271825
8612.384110525956
8673.400309345441
8668.842480290881
8633.595983433986
8677.692225466946
8703.061596827074
8665.869870654587
8586.383888387718
8636.62066669858
8602.807165633221
8617.003369829883
8676.48588180897
8683.218069504712
8631.25922089738
8625.023872960746
8633.753421903186
8601.75067086574
8612.033481737777
8618.62179312316
8633.676507371834
8656.546516949666
8681.165927993452
8698.482832840255
8701.846589900471
8705.907010850213
8702.779328496037
8681.856356495993
8706.18035636413
8721.898609075366
8719.484557668009
8711.797132553107
8656.737197496117
8677.134151258735
8598.841873901532
8550.867752118991
8566.931088554624
8660.135592372499
8620.906528978147
8678.730087846408
8737.110144697595
8722.429321756394
8707.807740267312
8749.075455086411
8804.5866898623
8826.595090866726
8805.252258446455
8790.513630280006
8784.280093920439
8700.07774860844
8676.400535540599
8710.497183250809
8725.073389357063
8775.273388254083
8841.321724108893
8813.557595076118
8805.191108266727
8758.90612379677
8739.836327506438
8717.702117177278
8718.378661713705
8763.50675606032
8748.866602362545
8726.754998359893
8665.87973063287
8682.755325414058
8632.749564074797
8678.126518618375
8744.399917956624
8845.117082235598
8834.630345364336
8900.947689935381
8965.888916123178
8924.819589019433
8863.125223233495
8866.112624271933
8865.295740532194
8822.984432871763
8734.41131566257
8722.658891601257
8672.862167901678
8682.090204495498
8705.14425946845
8682.180346966496
8653.618828855479
8699.040074698873
8656.446198168018
8539.965880631404
8602.75158850305
8633.977001864307
8698.227419807863
8661.150226887696
8762.328381093306
8764.697702813568
8764.310015077588
8730.915589957222
8723.60616740348
8675.254498543567
8620.676263513289
8638.056636327525
8567.072868544017
8498.310603415723
8495.502532158838
8557.161613075146
8512.688055582508
8528.101043820292
8579.784590652818
8585.727248968142
8586.909355860309
8663.038850857016
8641.998460440727
8680.667768280251
8704.798566529818
8740.227873068623
8720.993755432119
8798.856622871528
8879.99750172309
8915.995299815453
8932.951179915464
8939.146389580843
8935.87328261387
8879.898729867557
8875.33879664504
8863.467696167078
8888.935725123018
8868.041172929581
8804.403098133218
8737.215294166232
8697.511603211897
8629.86026615079
8605.199607410766
8626.963685105726
8673.412574133485
8590.569504450932
8585.951541284001
8584.043185569588
8508.574492195923
8470.169966288919
8490.662513016552
8579.291088443026
8551.297103544468
8635.24469556547
8594.478149111701
8724.967755244405
8663.018121874202
8717.314966835878
8708.728588214084
8771.27569503709
8747.658865060508
8674.490930346015
8734.19133363802
8725.000021087397
8720.194243090562
8667.509564952094
8650.698260098343
8564.83559725038
8516.633401733927
8496.328653119766
8475.751142613657
8548.521457468012
8569.620973644354
8647.110925817757
8630.53890110352
8593.974619035427
8555.968961709983
8570.908325331764
8566.608411324638
8565.059655548943
8598.748512029615
8592.132904675893
8504.922849231592
8470.18409284767
8401.691174667443
8410.334462165985
8449.988227010492
8547.535024972536
8562.348815596284
8658.216403791814
8700.37236078857
8684.845760785314
8634.495859106379
8640.593410315401
8620.784513873175
8596.897976244642
8647.375898601778
8667.365514534946
8626.80987832391
8654.281305340042
8658.665072679325
8672.089400624416
8665.82591902156
8685.98161970135
8714.860722377025
8688.100939297725
8662.270894542527
8667.347759285372
8716.077158405644
8640.558875176075
8591.735604511618
8579.767826580492
8591.21274817099
8490.121445070548
8453.805718127285
8559.221492516905
8591.247793948372
8494.018214714732
